{
  "w_lidar": 1030,
  "h_lidar": 66,
  "num_frames": 64,
  "num_frames_split": 60,
  "frames": [
    {
      "frame_id": 2280,
      "lidar_file_path": "train/0000002280.npy",
      "lidar2world": [
        [
          0.8826097818399263,
          0.47006030322033787,
          -0.006579082441723774,
          916.0672760608547
        ],
        [
          -0.47008515493137454,
          0.8823507030239649,
          -0.021844543241040487,
          3691.5048165525413
        ],
        [
          -0.00446319463710098,
          0.022372936488923658,
          0.999739731981608,
          116.15453466199313
        ],
        [
          0.0,
          0.0,
          0.0,
          1.0
        ]
      ]
    },
    {
      "frame_id": 2281,
      "lidar_file_path": "train/0000002281.npy",
      "lidar2world": [
        [
          0.8856994131572181,
          0.46419390909601216,
          -0.007782312630279877,
          916.6252615401653
        ],
        [
          -0.46425211555056906,
          0.885469350948805,
          -0.020347035270920796,
          3691.2195411417224
        ],
        [
          -0.002553970518831969,
          0.021634312348198466,
          0.999762688714155,
          116.15459520637076
        ],
        [
          0.0,
          0.0,
          0.0,
          1.0
        ]
      ]
    },
    {
      "frame_id": 2282,
      "lidar_file_path": "train/0000002282.npy",
      "lidar2world": [
        [
          0.8871019172291825,
          0.46148173336920467,
          -0.009208602439307427,
          917.2026036280902
        ],
        [
          -0.46156903171799807,
          0.8868278137487993,
          -0.022146282674474396,
          3690.918371721876
        ],
        [
          -0.0020536600821460947,
          0.023896415535916326,
          0.9997123305502656,
          116.15275904084885
        ],
        [
          0.0,
          0.0,
          0.0,
          1.0
        ]
      ]
    },
    {
      "frame_id": 2283,
      "lidar_file_path": "train/0000002283.npy",
      "lidar2world": [
        [
          0.8878851400623722,
          0.45990386066596506,
          -0.012182652985570587,
          917.800764875234
        ],
        [
          -0.4600651097606453,
          0.8875581035040556,
          -0.02409787958110446,
          3690.6047462159227
        ],
        [
          -0.0002698954056864272,
          0.027000962764237413,
          0.9996353710906564,
          116.15410916665172
        ],
        [
          0.0,
          0.0,
          0.0,
          1.0
        ]
      ]
    },
    {
      "frame_id": 2284,
      "lidar_file_path": "train/0000002284.npy",
      "lidar2world": [
        [
          0.8882321826253076,
          0.4591628154246919,
          -0.014597903432053312,
          918.4199846438371
        ],
        [
          -0.4593941127813727,
          0.8878375744745878,
          -0.026485667096803563,
          3690.2786981690356
        ],
        [
          0.0007993338398596936,
          0.03023161272939093,
          0.9995426007481443,
          116.15175522872327
        ],
        [
          0.0,
          0.0,
          0.0,
          1.0
        ]
      ]
    },
    {
      "frame_id": 2285,
      "lidar_file_path": "train/0000002285.npy",
      "lidar2world": [
        [
          0.8884323671486799,
          0.4587218450332064,
          -0.016192530237575477,
          919.0628080045288
        ],
        [
          -0.4590025669805367,
          0.888034085009746,
          -0.026685343013968525,
          3689.9494946331743
        ],
        [
          0.002138369129502103,
          0.031140535407888314,
          0.9995127285579903,
          116.15179410927145
        ],
        [
          0.0,
          0.0,
          0.0,
          1.0
        ]
      ]
    },
    {
      "frame_id": 2286,
      "lidar_file_path": "train/0000002286.npy",
      "lidar2world": [
        [
          0.8888806438719828,
          0.4579035078652244,
          -0.014682589927790502,
          919.7305371791969
        ],
        [
          -0.45813880461178186,
          0.888410582704982,
          -0.028904538032653554,
          3689.6065642743215
        ],
        [
          -0.00019132103021436545,
          0.03241934863766216,
          0.9994743364512902,
          116.1512838764962
        ],
        [
          0.0,
          0.0,
          0.0,
          1.0
        ]
      ]
    },
    {
      "frame_id": 2287,
      "lidar_file_path": "train/0000002287.npy",
      "lidar2world": [
        [
          0.8894109519885973,
          0.456903917297768,
          -0.013673655659943938,
          920.4155470491758
        ],
        [
          -0.45710652737816715,
          0.8889218122349224,
          -0.02952345430627384,
          3689.259307350279
        ],
        [
          -0.0013345710933962813,
          0.032508800919798214,
          0.999470558268359,
          116.1542104806267
        ],
        [
          0.0,
          0.0,
          0.0,
          1.0
        ]
      ]
    },
    {
      "frame_id": 2288,
      "lidar_file_path": "train/0000002288.npy",
      "lidar2world": [
        [
          0.889816856295396,
          0.4561309086204737,
          -0.01305973376442984,
          921.1149087197
        ],
        [
          -0.4563115962687211,
          0.8892906061934512,
          -0.030691121359388437,
          3688.902494526936
        ],
        [
          -0.0023852705056603327,
          0.03326878498914461,
          0.9994435944767374,
          116.15747536017079
        ],
        [
          0.0,
          0.0,
          0.0,
          1.0
        ]
      ]
    },
    {
      "frame_id": 2289,
      "lidar_file_path": "train/0000002289.npy",
      "lidar2world": [
        [
          0.8901176320601817,
          0.4555319904893102,
          -0.013461305135445715,
          921.8307016843528
        ],
        [
          -0.4557210018270308,
          0.8895159136225217,
          -0.032860432602342324,
          3688.536234374098
        ],
        [
          -0.002994933050727283,
          0.035384249987800126,
          0.9993692937630438,
          116.15632424236006
        ],
        [
          0.0,
          0.0,
          0.0,
          1.0
        ]
      ]
    },
    {
      "frame_id": 2291,
      "lidar_file_path": "train/0000002291.npy",
      "lidar2world": [
        [
          0.8906865730139678,
          0.45448272833818903,
          -0.011085053004072013,
          923.3139406749535
        ],
        [
          -0.4545724642290937,
          0.8899880831181426,
          -0.035848105314410766,
          3687.7840770953558
        ],
        [
          -0.006426779627356123,
          0.03696838583974809,
          0.9992957695622957,
          116.15403143938397
        ],
        [
          0.0,
          0.0,
          0.0,
          1.0
        ]
      ]
    },
    {
      "frame_id": 2292,
      "lidar_file_path": "train/0000002292.npy",
      "lidar2world": [
        [
          0.8910068760879096,
          0.4539037850033885,
          -0.008837460481149027,
          924.0752124915224
        ],
        [
          -0.4539201812342656,
          0.8903605008449627,
          -0.034851795264442466,
          3687.4058812689796
        ],
        [
          -0.007950835976359247,
          0.03506469091852523,
          0.9993534167886077,
          116.15432087457584
        ],
        [
          0.0,
          0.0,
          0.0,
          1.0
        ]
      ]
    },
    {
      "frame_id": 2293,
      "lidar_file_path": "train/0000002293.npy",
      "lidar2world": [
        [
          0.8914079203171198,
          0.45313420920392355,
          -0.00782995231240373,
          924.8488699741624
        ],
        [
          -0.4531016731748749,
          0.8907146069025362,
          -0.036419264512136715,
          3687.017290629655
        ],
        [
          -0.0095285616491911,
          0.03601218531985488,
          0.9993059236435676,
          116.15394435991044
        ],
        [
          0.0,
          0.0,
          0.0,
          1.0
        ]
      ]
    },
    {
      "frame_id": 2294,
      "lidar_file_path": "train/0000002294.npy",
      "lidar2world": [
        [
          0.8917466126202065,
          0.45247892701503656,
          -0.007127377466459281,
          925.628803442951
        ],
        [
          -0.45237433802025856,
          0.8908996105377107,
          -0.040685897727130646,
          3686.6172090615587
        ],
        [
          -0.01205973348731118,
          0.0395057541083782,
          0.9991465649062617,
          116.14669656476983
        ],
        [
          0.0,
          0.0,
          0.0,
          1.0
        ]
      ]
    },
    {
      "frame_id": 2295,
      "lidar_file_path": "train/0000002295.npy",
      "lidar2world": [
        [
          0.8918238917550478,
          0.45235054133024327,
          -0.005397588830908662,
          926.4200021386642
        ],
        [
          -0.45219313215710605,
          0.8910412231930799,
          -0.039584212486467034,
          3686.2228556470336
        ],
        [
          -0.013096465725592088,
          0.037742899003516676,
          0.9992016594262773,
          116.1437416038886
        ],
        [
          0.0,
          0.0,
          0.0,
          1.0
        ]
      ]
    },
    {
      "frame_id": 2296,
      "lidar_file_path": "train/0000002296.npy",
      "lidar2world": [
        [
          0.8910842823660806,
          0.4538035698942847,
          -0.005578686791549623,
          927.2205653473162
        ],
        [
          -0.4537287260911536,
          0.8905331452390958,
          -0.032877961781676075,
          3685.833902035204
        ],
        [
          -0.009952130850629525,
          0.03182824539505633,
          0.999443804273018,
          116.14469079551479
        ],
        [
          0.0,
          0.0,
          0.0,
          1.0
        ]
      ]
    },
    {
      "frame_id": 2297,
      "lidar_file_path": "train/0000002297.npy",
      "lidar2world": [
        [
          0.890329367091267,
          0.4551819059184542,
          -0.011092826181895896,
          928.0232202248892
        ],
        [
          -0.45531090050758094,
          0.8899264295159081,
          -0.026887430939089577,
          3685.436460465516
        ],
        [
          -0.0023668727888686764,
          0.028989353972078802,
          0.9995769181538182,
          116.14062635155364
        ],
        [
          0.0,
          0.0,
          0.0,
          1.0
        ]
      ]
    },
    {
      "frame_id": 2298,
      "lidar_file_path": "train/0000002298.npy",
      "lidar2world": [
        [
          0.8895823720893045,
          0.45645723548546113,
          -0.017029254373574533,
          928.8351465550584
        ],
        [
          -0.4567520692992705,
          0.889291527059967,
          -0.02319756871787847,
          3685.0279026462376
        ],
        [
          0.004555273527696265,
          0.02841429530949408,
          0.9995858529267635,
          116.13937268011244
        ],
        [
          0.0,
          0.0,
          0.0,
          1.0
        ]
      ]
    },
    {
      "frame_id": 2299,
      "lidar_file_path": "train/0000002299.npy",
      "lidar2world": [
        [
          0.8887630642886793,
          0.45808547471971267,
          -0.016059686152106564,
          929.6662198548044
        ],
        [
          -0.45835582246179035,
          0.8884395114131259,
          -0.024190383132483888,
          3684.6067637189994
        ],
        [
          0.003186796715278439,
          0.028860569689295325,
          0.9995783670125851,
          116.14487794265217
        ],
        [
          0.0,
          0.0,
          0.0,
          1.0
        ]
      ]
    },
    {
      "frame_id": 2301,
      "lidar_file_path": "train/0000002301.npy",
      "lidar2world": [
        [
          0.8874060150483436,
          0.46094110176658676,
          -0.006623082389316925,
          931.3642195019603
        ],
        [
          -0.4609308397640183,
          0.8869755026309945,
          -0.02858703791452202,
          3683.740996498046
        ],
        [
          -0.007302428904475391,
          0.02842109226404806,
          0.999569365296391,
          116.15948411571246
        ],
        [
          0.0,
          0.0,
          0.0,
          1.0
        ]
      ]
    },
    {
      "frame_id": 2302,
      "lidar_file_path": "train/0000002302.npy",
      "lidar2world": [
        [
          0.8869484236058205,
          0.46186672446321303,
          -0.0012738705403552628,
          932.2174247745692
        ],
        [
          -0.4616423050494133,
          0.8864244105566355,
          -0.0337364289025257,
          3683.2988434691597
        ],
        [
          -0.014452543899446882,
          0.030510545051555923,
          0.9994299528719777,
          116.15943739581648
        ],
        [
          0.0,
          0.0,
          0.0,
          1.0
        ]
      ]
    },
    {
      "frame_id": 2303,
      "lidar_file_path": "train/0000002303.npy",
      "lidar2world": [
        [
          0.8866499080925596,
          0.4624321228891001,
          0.002910721505562889,
          933.0680671102677
        ],
        [
          -0.4620386990212775,
          0.8861230568661559,
          -0.036140958333335325,
          3682.860444057849
        ],
        [
          -0.01929199751396812,
          0.03069951139292076,
          0.9993424632846399,
          116.15795557186404
        ],
        [
          0.0,
          0.0,
          0.0,
          1.0
        ]
      ]
    },
    {
      "frame_id": 2304,
      "lidar_file_path": "train/0000002304.npy",
      "lidar2world": [
        [
          0.8862946755098907,
          0.4630994470090886,
          0.004544275482033531,
          933.9122433814459
        ],
        [
          -0.46273404477752655,
          0.885911505273616,
          -0.03221814187999194,
          3682.434290972161
        ],
        [
          -0.01894602947744945,
          0.026451976639257295,
          0.999470530301686,
          116.1526584429708
        ],
        [
          0.0,
          0.0,
          0.0,
          1.0
        ]
      ]
    },
    {
      "frame_id": 2305,
      "lidar_file_path": "train/0000002305.npy",
      "lidar2world": [
        [
          0.8859954884380903,
          0.46367797624628726,
          0.0038378288743010445,
          934.7503606956316
        ],
        [
          -0.4634925165100802,
          0.8858243219070756,
          -0.022134993109336164,
          3682.0183172814936
        ],
        [
          -0.013663150880524345,
          0.017832699049775486,
          0.9997476247891224,
          116.14970342218552
        ],
        [
          0.0,
          0.0,
          0.0,
          1.0
        ]
      ]
    },
    {
      "frame_id": 2306,
      "lidar_file_path": "train/0000002306.npy",
      "lidar2world": [
        [
          0.8855776287332839,
          0.4644897290560323,
          0.0012470658040408778,
          935.5847087670035
        ],
        [
          -0.4644004454064734,
          0.8854541515581399,
          -0.017411829070829745,
          3681.595779821383
        ],
        [
          -0.00919183535778965,
          0.014840388422892344,
          0.9998476248823296,
          116.14449670904091
        ],
        [
          0.0,
          0.0,
          0.0,
          1.0
        ]
      ]
    },
    {
      "frame_id": 2307,
      "lidar_file_path": "train/0000002307.npy",
      "lidar2world": [
        [
          0.8854051729640766,
          0.4648194365127049,
          0.0007558095115229074,
          936.4221756966579
        ],
        [
          -0.46478149489629167,
          0.8853515026056636,
          -0.01144023314810538,
          3681.1756414703414
        ],
        [
          -0.005986799754730106,
          0.009777955411458941,
          0.9999342727477246,
          116.14792866330107
        ],
        [
          0.0,
          0.0,
          0.0,
          1.0
        ]
      ]
    },
    {
      "frame_id": 2308,
      "lidar_file_path": "train/0000002308.npy",
      "lidar2world": [
        [
          0.8848875417596612,
          0.46578671699134744,
          0.00409545935661852,
          937.264794612901
        ],
        [
          -0.4657394926254743,
          0.884876563822386,
          -0.008954987066597678,
          3680.751663411123
        ],
        [
          -0.007795089975737306,
          0.006016739332817842,
          0.9999515165137205,
          116.1519331060697
        ],
        [
          0.0,
          0.0,
          0.0,
          1.0
        ]
      ]
    },
    {
      "frame_id": 2309,
      "lidar_file_path": "train/0000002309.npy",
      "lidar2world": [
        [
          0.8847103511220987,
          0.46611702677867023,
          0.004744685996721761,
          938.0959840090551
        ],
        [
          -0.4660508077425922,
          0.8846934322032919,
          -0.010685306055732043,
          3680.3158965545304
        ],
        [
          -0.00917819557591095,
          0.007242136066869998,
          0.9999316537729271,
          116.15754456333373
        ],
        [
          0.0,
          0.0,
          0.0,
          1.0
        ]
      ]
    },
    {
      "frame_id": 2311,
      "lidar_file_path": "train/0000002311.npy",
      "lidar2world": [
        [
          0.8838124154874054,
          0.46779569800738763,
          0.006542110579974175,
          939.7570691756013
        ],
        [
          -0.4677027083143004,
          0.8838044615458338,
          -0.011993762088683713,
          3679.4501075957364
        ],
        [
          -0.011392576682644416,
          0.007540473007069613,
          0.9999066708624247,
          116.16177345146794
        ],
        [
          0.0,
          0.0,
          0.0,
          1.0
        ]
      ]
    },
    {
      "frame_id": 2312,
      "lidar_file_path": "train/0000002312.npy",
      "lidar2world": [
        [
          0.8834112044858392,
          0.46856422315759233,
          0.005675616877592065,
          940.5786712062255
        ],
        [
          -0.46849094814722125,
          0.8834030798977838,
          -0.010734521881226604,
          3679.018782428171
        ],
        [
          -0.010043670329627007,
          0.006824021790780344,
          0.9999262760508406,
          116.16636009295014
        ],
        [
          0.0,
          0.0,
          0.0,
          1.0
        ]
      ]
    },
    {
      "frame_id": 2313,
      "lidar_file_path": "train/0000002313.npy",
      "lidar2world": [
        [
          0.8828488603319633,
          0.46958050329531764,
          0.008487690329653604,
          941.4052446785624
        ],
        [
          -0.46949242367958927,
          0.8828736623033172,
          -0.010533783287949582,
          3678.590584596766
        ],
        [
          -0.01244001747005306,
          0.005314832242065902,
          0.9999084950487317,
          116.1679400453198
        ],
        [
          0.0,
          0.0,
          0.0,
          1.0
        ]
      ]
    },
    {
      "frame_id": 2314,
      "lidar_file_path": "train/0000002314.npy",
      "lidar2world": [
        [
          0.882286861075738,
          0.4706643719306639,
          0.006704011123063108,
          942.2239716925575
        ],
        [
          -0.4705952265593286,
          0.8822956818354422,
          -0.009719189488682452,
          3678.1607374665095
        ],
        [
          -0.010489396237593016,
          0.005420237548272853,
          0.999930294400358,
          116.17203630054215
        ],
        [
          0.0,
          0.0,
          0.0,
          1.0
        ]
      ]
    },
    {
      "frame_id": 2315,
      "lidar_file_path": "train/0000002315.npy",
      "lidar2world": [
        [
          0.8819289145077238,
          0.4713260872988016,
          0.00728761521700431,
          943.0433242449479
        ],
        [
          -0.47127413934331425,
          0.8819523003377114,
          -0.007799075416353478,
          3677.7315199941913
        ],
        [
          -0.01010323658630998,
          0.003443765601856048,
          0.9999430309756578,
          116.17239020754339
        ],
        [
          0.0,
          0.0,
          0.0,
          1.0
        ]
      ]
    },
    {
      "frame_id": 2316,
      "lidar_file_path": "train/0000002316.npy",
      "lidar2world": [
        [
          0.8816651907525106,
          0.47182233638703514,
          0.007083379023136025,
          943.8627928139252
        ],
        [
          -0.471762548389625,
          0.8816832547659187,
          -0.008645016894645386,
          3677.2989891828643
        ],
        [
          -0.010324208704934753,
          0.004280337534131123,
          0.9999375427508971,
          116.1745925197305
        ],
        [
          0.0,
          0.0,
          0.0,
          1.0
        ]
      ]
    },
    {
      "frame_id": 2317,
      "lidar_file_path": "train/0000002317.npy",
      "lidar2world": [
        [
          0.8821540955410332,
          0.47087598835930894,
          0.008941777935016337,
          944.6838740817714
        ],
        [
          -0.4707840262223261,
          0.8821841473182059,
          -0.010655089245114959,
          3676.8644349783617
        ],
        [
          -0.012905520308873904,
          0.005189784363783472,
          0.9999032521357357,
          116.17438795488285
        ],
        [
          0.0,
          0.0,
          0.0,
          1.0
        ]
      ]
    },
    {
      "frame_id": 2318,
      "lidar_file_path": "train/0000002318.npy",
      "lidar2world": [
        [
          0.8827719860997488,
          0.4696768356551637,
          0.010830083044091849,
          945.5046266036234
        ],
        [
          -0.4695804019256262,
          0.8828291623949894,
          -0.010340027731966663,
          3676.4370859874753
        ],
        [
          -0.014417584571665963,
          0.004042292119866022,
          0.9998878902755127,
          116.1765654858424
        ],
        [
          0.0,
          0.0,
          0.0,
          1.0
        ]
      ]
    },
    {
      "frame_id": 2319,
      "lidar_file_path": "train/0000002319.npy",
      "lidar2world": [
        [
          0.8833585498334714,
          0.46860208091297434,
          0.009474298940949945,
          946.3213884876926
        ],
        [
          -0.46849787923855213,
          0.8833916664942147,
          -0.011353447346577108,
          3676.0106945272837
        ],
        [
          -0.013689765700375466,
          0.0055904758207399345,
          0.9998906625311998,
          116.17605690355776
        ],
        [
          0.0,
          0.0,
          0.0,
          1.0
        ]
      ]
    },
    {
      "frame_id": 2321,
      "lidar_file_path": "train/0000002321.npy",
      "lidar2world": [
        [
          0.8851652679753708,
          0.46520959303477455,
          0.007904619598481545,
          947.9528818578794
        ],
        [
          -0.46507016115792543,
          0.8851507669663842,
          -0.014760251730621008,
          3675.1539074156
        ],
        [
          -0.013863390735398044,
          0.009389059441212053,
          0.9998598161836876,
          116.1725166621364
        ],
        [
          0.0,
          0.0,
          0.0,
          1.0
        ]
      ]
    },
    {
      "frame_id": 2322,
      "lidar_file_path": "train/0000002322.npy",
      "lidar2world": [
        [
          0.8858833775442261,
          0.4638566017954398,
          0.006906118369930886,
          948.7729223986616
        ],
        [
          -0.4637228945023296,
          0.8858522622765169,
          -0.015061428615229792,
          3674.7312546952594
        ],
        [
          -0.013104143715921349,
          0.010140144096807531,
          0.9998627199922447,
          116.17321842484453
        ],
        [
          0.0,
          0.0,
          0.0,
          1.0
        ]
      ]
    },
    {
      "frame_id": 2323,
      "lidar_file_path": "train/0000002323.npy",
      "lidar2world": [
        [
          0.8865898132373904,
          0.4625437875998533,
          0.003427493607518133,
          949.5871715121613
        ],
        [
          -0.46244246854248106,
          0.8865114537355177,
          -0.01563348172851925,
          3674.305755001932
        ],
        [
          -0.010269682135071864,
          0.01227546699427861,
          0.9998719151073222,
          116.16961475092064
        ],
        [
          0.0,
          0.0,
          0.0,
          1.0
        ]
      ]
    },
    {
      "frame_id": 2324,
      "lidar_file_path": "train/0000002324.npy",
      "lidar2world": [
        [
          0.8869248214960311,
          0.461901924676745,
          0.003312554551061222,
          950.4069904095536
        ],
        [
          -0.4617934771637229,
          0.8868346594146385,
          -0.016464244829644703,
          3673.8821543365625
        ],
        [
          -0.010542554533972707,
          0.013072831223887164,
          0.9998589679119958,
          116.16928594808704
        ],
        [
          0.0,
          0.0,
          0.0,
          1.0
        ]
      ]
    },
    {
      "frame_id": 2325,
      "lidar_file_path": "train/0000002325.npy",
      "lidar2world": [
        [
          0.8872598847838185,
          0.46124931622002596,
          0.004354903531133435,
          951.2286685720042
        ],
        [
          -0.46111461573569995,
          0.8871666480004025,
          -0.01756843513547683,
          3673.460159284203
        ],
        [
          -0.011966953742017169,
          0.013579658032958174,
          0.9998361790707362,
          116.17055881797998
        ],
        [
          0.0,
          0.0,
          0.0,
          1.0
        ]
      ]
    },
    {
      "frame_id": 2326,
      "lidar_file_path": "train/0000002326.npy",
      "lidar2world": [
        [
          0.8876293832822679,
          0.4605087897750291,
          0.006762580943208801,
          952.0506790141119
        ],
        [
          -0.4603495811171432,
          0.8875733590167115,
          -0.01708202788388246,
          3673.0413943891585
        ],
        [
          -0.013868710593566645,
          0.012049358537036209,
          0.9998312216865932,
          116.1720492287606
        ],
        [
          0.0,
          0.0,
          0.0,
          1.0
        ]
      ]
    },
    {
      "frame_id": 2327,
      "lidar_file_path": "train/0000002327.npy",
      "lidar2world": [
        [
          0.8878429179797751,
          0.46010389557862275,
          0.00627362122200417,
          952.8689707741082
        ],
        [
          -0.4599495819098182,
          0.8877791586550069,
          -0.017162390394953566,
          3672.622561183554
        ],
        [
          -0.01346607279823694,
          0.012351957362066348,
          0.9998330330465746,
          116.1696382321465
        ],
        [
          0.0,
          0.0,
          0.0,
          1.0
        ]
      ]
    },
    {
      "frame_id": 2328,
      "lidar_file_path": "train/0000002328.npy",
      "lidar2world": [
        [
          0.8881028702070204,
          0.45960130245286723,
          0.006319393582630359,
          953.6892408596913
        ],
        [
          -0.4594078444310525,
          0.8880025982205789,
          -0.019895174727375873,
          3672.198434033493
        ],
        [
          -0.014755486118636784,
          0.014765782782833735,
          0.99978209992858,
          116.16571267740423
        ],
        [
          0.0,
          0.0,
          0.0,
          1.0
        ]
      ]
    },
    {
      "frame_id": 2329,
      "lidar_file_path": "train/0000002329.npy",
      "lidar2world": [
        [
          0.888341797504535,
          0.4591153066753173,
          0.007873119199831463,
          954.5139391393476
        ],
        [
          -0.4589110498257757,
          0.8882753471878557,
          -0.019171752159122278,
          3671.780404822963
        ],
        [
          -0.015795542493775967,
          0.01341800742305432,
          0.9997852059021455,
          116.16451071667142
        ],
        [
          0.0,
          0.0,
          0.0,
          1.0
        ]
      ]
    },
    {
      "frame_id": 2330,
      "lidar_file_path": "train/0000002330.npy",
      "lidar2world": [
        [
          0.8883598112660314,
          0.45905251886254067,
          0.009361132268089016,
          955.3414586888443
        ],
        [
          -0.4588633168635655,
          0.8883423377872359,
          -0.017098167676287877,
          3671.365848246527
        ],
        [
          -0.0161648470387091,
          0.010893844831638853,
          0.9998099929308879,
          116.16444463603179
        ],
        [
          0.0,
          0.0,
          0.0,
          1.0
        ]
      ]
    },
    {
      "frame_id": 2331,
      "lidar_file_path": "train/0000002331.npy",
      "lidar2world": [
        [
          0.8886131871162328,
          0.45861616517641374,
          0.006149533284675246,
          956.1644939948183
        ],
        [
          -0.45849243312983645,
          0.8885733072350916,
          -0.014905247373165304,
          3670.950645576104
        ],
        [
          -0.012300098462807994,
          0.010425484818259525,
          0.9998700000183293,
          116.16200654663994
        ],
        [
          0.0,
          0.0,
          0.0,
          1.0
        ]
      ]
    },
    {
      "frame_id": 2332,
      "lidar_file_path": "train/0000002332.npy",
      "lidar2world": [
        [
          0.8887876090161847,
          0.4582767896757314,
          0.006242609646636449,
          956.9884454171465
        ],
        [
          -0.4581649295138778,
          0.8887593109431602,
          -0.013848630459858841,
          3670.5366917611486
        ],
        [
          -0.01189468337608501,
          0.009448346304161205,
          0.9998846160308612,
          116.15715434513989
        ],
        [
          0.0,
          0.0,
          0.0,
          1.0
        ]
      ]
    },
    {
      "frame_id": 2333,
      "lidar_file_path": "train/0000002333.npy",
      "lidar2world": [
        [
          0.8884465418568211,
          0.4589199528318782,
          0.007430963036639284,
          957.8160586032062
        ],
        [
          -0.45879357161237844,
          0.8884305985176647,
          -0.014125519652042184,
          3670.1158564333355
        ],
        [
          -0.013084377620631958,
          0.009140491011795137,
          0.9998726171173684,
          116.15729677392488
        ],
        [
          0.0,
          0.0,
          0.0,
          1.0
        ]
      ]
    },
    {
      "frame_id": 2334,
      "lidar_file_path": "train/0000002334.npy",
      "lidar2world": [
        [
          0.8877526722227043,
          0.46020169454299276,
          0.01046868380224509,
          958.6468263562699
        ],
        [
          -0.4600666870451949,
          0.8877887071867309,
          -0.013032836649716667,
          3669.6989876707144
        ],
        [
          -0.01529171275651878,
          0.006753642891352889,
          0.9998602661245293,
          116.15639373293804
        ],
        [
          0.0,
          0.0,
          0.0,
          1.0
        ]
      ]
    },
    {
      "frame_id": 2335,
      "lidar_file_path": "train/0000002335.npy",
      "lidar2world": [
        [
          0.8871531146386664,
          0.46136761239072976,
          0.009963805109896707,
          959.4755308558114
        ],
        [
          -0.4612375559199997,
          0.8871823889883699,
          -0.012935445300792948,
          3669.277608065426
        ],
        [
          -0.01480770789131239,
          0.006880039422537125,
          0.9998666895974458,
          116.15597565513073
        ],
        [
          0.0,
          0.0,
          0.0,
          1.0
        ]
      ]
    },
    {
      "frame_id": 2336,
      "lidar_file_path": "train/0000002336.npy",
      "lidar2world": [
        [
          0.8868672935690798,
          0.46194361801619815,
          0.00863119659828005,
          960.3033053368814
        ],
        [
          -0.4618090296674762,
          0.8868696179587684,
          -0.013953529437935748,
          3668.8495715772465
        ],
        [
          -0.014100489787640228,
          0.008388964316401367,
          0.9998653916512449,
          116.15061904478313
        ],
        [
          0.0,
          0.0,
          0.0,
          1.0
        ]
      ]
    },
    {
      "frame_id": 2337,
      "lidar_file_path": "train/0000002337.npy",
      "lidar2world": [
        [
          0.8868673306919368,
          0.4619349902218919,
          0.009077586853756548,
          961.1320761017646
        ],
        [
          -0.461795026944926,
          0.8868750866693699,
          -0.014068892988448262,
          3668.422912358175
        ],
        [
          -0.014549599487549318,
          0.008285257123696961,
          0.9998598220242261,
          116.14977087394313
        ],
        [
          0.0,
          0.0,
          0.0,
          1.0
        ]
      ]
    },
    {
      "frame_id": 2338,
      "lidar_file_path": "train/0000002338.npy",
      "lidar2world": [
        [
          0.8872195938447537,
          0.46126021433510256,
          0.008966994222377598,
          961.9622692101985
        ],
        [
          -0.461129921467048,
          0.8872305837461865,
          -0.013456854000669068,
          3668.0005252599967
        ],
        [
          -0.01416290275124871,
          0.007804235204696845,
          0.9998692445399238,
          116.14936854127302
        ],
        [
          0.0,
          0.0,
          0.0,
          1.0
        ]
      ]
    },
    {
      "frame_id": 2339,
      "lidar_file_path": "train/0000002339.npy",
      "lidar2world": [
        [
          0.887636620224091,
          0.46047629327773315,
          0.007925522257009092,
          962.7966192856422
        ],
        [
          -0.46033902787796976,
          0.8876232174983343,
          -0.014594631549903567,
          3667.57302348918
        ],
        [
          -0.013755359310206414,
          0.00930630225531475,
          0.9998620818798151,
          116.14605885828924
        ],
        [
          0.0,
          0.0,
          0.0,
          1.0
        ]
      ]
    },
    {
      "frame_id": 2340,
      "lidar_file_path": "train/0000002340.npy",
      "lidar2world": [
        [
          0.8879833163069651,
          0.45978753554955754,
          0.00900289543634695,
          963.6334845966611
        ],
        [
          -0.4596304580179247,
          0.8879789656084907,
          -0.015270844587932618,
          3667.1440030361223
        ],
        [
          -0.015015725713916687,
          0.009422250300629629,
          0.9998428622946239,
          116.1434973002723
        ],
        [
          0.0,
          0.0,
          0.0,
          1.0
        ]
      ]
    },
    {
      "frame_id": 2341,
      "lidar_file_path": "train/0000002341.npy",
      "lidar2world": [
        [
          0.8881225811302714,
          0.459531519770945,
          0.008310427212174827,
          964.475378519039
        ],
        [
          -0.45938264210380125,
          0.8881090539683543,
          -0.015162335938260304,
          3666.717986304607
        ],
        [
          -0.014348136867924263,
          0.00964834700439563,
          0.9998505090197545,
          116.14248454647081
        ],
        [
          0.0,
          0.0,
          0.0,
          1.0
        ]
      ]
    },
    {
      "frame_id": 2342,
      "lidar_file_path": "train/0000002342.npy",
      "lidar2world": [
        [
          0.8883409789111817,
          0.4591301812363795,
          0.00705562918599318,
          965.3168546457446
        ],
        [
          -0.45896954264985573,
          0.8882904920357997,
          -0.01693991341854298,
          3666.28591093321
        ],
        [
          -0.014045073748340636,
          0.01181010035065406,
          0.9998316145594541,
          116.13682267802396
        ],
        [
          0.0,
          0.0,
          0.0,
          1.0
        ]
      ]
    },
    {
      "frame_id": 2343,
      "lidar_file_path": "train/0000002343.npy",
      "lidar2world": [
        [
          0.8882854613653278,
          0.459259602147572,
          0.005436641592789111,
          966.1603248170924
        ],
        [
          -0.459096235804673,
          0.8881904391449367,
          -0.018665210827422386,
          3665.849066727084
        ],
        [
          -0.01340095041263357,
          0.01408409370839692,
          0.9998110085675966,
          116.13414285568824
        ],
        [
          0.0,
          0.0,
          0.0,
          1.0
        ]
      ]
    }
  ]
}