{
  "w_lidar": 1030,
  "h_lidar": 66,
  "num_frames": 51,
  "num_frames_split": 47,
  "frames": [
    {
      "frame_id": 10750,
      "lidar_file_path": "train/0000010750.npy",
      "lidar2world": [
        [
          -0.8232915699053314,
          -0.5669524401996952,
          -0.027494026386892804,
          1229.9838822013683
        ],
        [
          0.5672343670800821,
          -0.8235505788107788,
          -0.003101122902775834,
          3365.2871343620436
        ],
        [
          -0.02088453207404125,
          -0.01814868497825946,
          0.9996171575280716,
          117.69703522232803
        ],
        [
          0.0,
          0.0,
          0.0,
          1.0
        ]
      ]
    },
    {
      "frame_id": 10751,
      "lidar_file_path": "train/0000010751.npy",
      "lidar2world": [
        [
          -0.8194325332141148,
          -0.5727352706575637,
          -0.02246404498541652,
          1229.491745022632
        ],
        [
          0.5728558480431472,
          -0.8196551387245438,
          0.0012771044026150256,
          3365.645688462024
        ],
        [
          -0.0191442126160619,
          -0.011822158683514612,
          0.9997468358111559,
          117.69337978047726
        ],
        [
          0.0,
          0.0,
          0.0,
          1.0
        ]
      ]
    },
    {
      "frame_id": 10752,
      "lidar_file_path": "train/0000010752.npy",
      "lidar2world": [
        [
          -0.8155363266744106,
          -0.5784257952440396,
          -0.01800275827623172,
          1229.0165102377364
        ],
        [
          0.5783891794796361,
          -0.8157245634435037,
          0.007706731774335211,
          3366.0018049057126
        ],
        [
          -0.019143064546472643,
          -0.004127480827271235,
          0.9998082351296667,
          117.69031757598337
        ],
        [
          0.0,
          0.0,
          0.0,
          1.0
        ]
      ]
    },
    {
      "frame_id": 10753,
      "lidar_file_path": "train/0000010753.npy",
      "lidar2world": [
        [
          -0.8120469353196884,
          -0.5834048369343517,
          -0.014784150609677544,
          1228.5591835526736
        ],
        [
          0.5832142330823504,
          -0.8121721767143403,
          0.01541148110669299,
          3366.3498987904622
        ],
        [
          -0.020998408350535406,
          0.00389251898030133,
          0.9997719315476423,
          117.68757116325031
        ],
        [
          0.0,
          0.0,
          0.0,
          1.0
        ]
      ]
    },
    {
      "frame_id": 10754,
      "lidar_file_path": "train/0000010754.npy",
      "lidar2world": [
        [
          -0.8099613852667038,
          -0.5863752064793321,
          -0.011254852104174531,
          1228.1213835432427
        ],
        [
          0.5860548318762823,
          -0.8099540680612974,
          0.022674693502418256,
          3366.686280858387
        ],
        [
          -0.022411791347230935,
          0.011769665636389762,
          0.9996795419997209,
          117.68529579071628
        ],
        [
          0.0,
          0.0,
          0.0,
          1.0
        ]
      ]
    },
    {
      "frame_id": 10755,
      "lidar_file_path": "train/0000010755.npy",
      "lidar2world": [
        [
          -0.8097668043059121,
          -0.5866944828660289,
          -0.008204058414113263,
          1227.7018088916927
        ],
        [
          0.5862592120963329,
          -0.8095806793884166,
          0.029652314817310378,
          3367.008226062808
        ],
        [
          -0.024038696639208986,
          0.01920175539458313,
          0.99952660479656,
          117.68351972111743
        ],
        [
          0.0,
          0.0,
          0.0,
          1.0
        ]
      ]
    },
    {
      "frame_id": 10756,
      "lidar_file_path": "train/0000010756.npy",
      "lidar2world": [
        [
          -0.8122987946599766,
          -0.5832076099590107,
          -0.006289033830856501,
          1227.296823254678
        ],
        [
          0.5826751932052343,
          -0.8119379433158648,
          0.03530432714450223,
          3367.312349740923
        ],
        [
          -0.0256960574732592,
          0.025013198327582267,
          0.999356819420567,
          117.68302166187033
        ],
        [
          0.0,
          0.0,
          0.0,
          1.0
        ]
      ]
    },
    {
      "frame_id": 10757,
      "lidar_file_path": "train/0000010757.npy",
      "lidar2world": [
        [
          -0.8173050354691019,
          -0.5761912249911435,
          -0.004018880406175229,
          1226.9102608608407
        ],
        [
          0.5756119499357961,
          -0.8167600657134242,
          0.0396721340084515,
          3367.5946241952147
        ],
        [
          -0.026141196484100612,
          0.030110919218593744,
          0.9992046689832692,
          117.68022084183922
        ],
        [
          0.0,
          0.0,
          0.0,
          1.0
        ]
      ]
    },
    {
      "frame_id": 10758,
      "lidar_file_path": "train/0000010758.npy",
      "lidar2world": [
        [
          -0.8236132889264811,
          -0.567148930241548,
          -0.001800382390860772,
          1226.5397692337785
        ],
        [
          0.5666178023345911,
          -0.8229714124468706,
          0.04077156256649136,
          3367.850769937067
        ],
        [
          -0.024605211264553832,
          0.03255987203305684,
          0.9991668721592515,
          117.67790853699546
        ],
        [
          0.0,
          0.0,
          0.0,
          1.0
        ]
      ]
    },
    {
      "frame_id": 10759,
      "lidar_file_path": "train/0000010759.npy",
      "lidar2world": [
        [
          -0.8310157662535991,
          -0.5562471984761483,
          0.0013603033653643963,
          1226.188819696112
        ],
        [
          0.5558338662682333,
          -0.8302988478901542,
          0.040651400390259856,
          3368.0824666808985
        ],
        [
          -0.021482769260000808,
          0.03453805726710415,
          0.9991724641971601,
          117.67653305755496
        ],
        [
          0.0,
          0.0,
          0.0,
          1.0
        ]
      ]
    },
    {
      "frame_id": 10761,
      "lidar_file_path": "train/0000010761.npy",
      "lidar2world": [
        [
          -0.8492278755025569,
          -0.528012669748026,
          0.0038257161121910076,
          1225.534648932225
        ],
        [
          0.5276911324878865,
          -0.8484079805131505,
          0.04178477462995662,
          3368.4849518726496
        ],
        [
          -0.01881712222265409,
          0.03750359188208183,
          0.9991193104409333,
          117.67561037699713
        ],
        [
          0.0,
          0.0,
          0.0,
          1.0
        ]
      ]
    },
    {
      "frame_id": 10762,
      "lidar_file_path": "train/0000010762.npy",
      "lidar2world": [
        [
          -0.8592951256486351,
          -0.5114548204573843,
          0.0050846682943806246,
          1225.2308959182214
        ],
        [
          0.5111750319765483,
          -0.8583968872169095,
          0.04306820912668484,
          3368.659295238149
        ],
        [
          -0.01766277963526864,
          0.039607457618328824,
          0.9990591951690035,
          117.67546261654304
        ],
        [
          0.0,
          0.0,
          0.0,
          1.0
        ]
      ]
    },
    {
      "frame_id": 10763,
      "lidar_file_path": "train/0000010763.npy",
      "lidar2world": [
        [
          -0.870242674173668,
          -0.49257348172169196,
          0.007003794727662753,
          1224.9379639547085
        ],
        [
          0.49239045859165376,
          -0.8693064355613054,
          0.043104031183715606,
          3368.8152732730796
        ],
        [
          -0.015143458872438263,
          0.04095956910568155,
          0.9990460396524946,
          117.67632821826393
        ],
        [
          0.0,
          0.0,
          0.0,
          1.0
        ]
      ]
    },
    {
      "frame_id": 10764,
      "lidar_file_path": "train/0000010764.npy",
      "lidar2world": [
        [
          -0.8815498433441687,
          -0.47200186479736617,
          0.009171334443090066,
          1224.6497383958113
        ],
        [
          0.47194006842914266,
          -0.8806106249389719,
          0.04239692392828486,
          3368.9576890521885
        ],
        [
          -0.01193505255005783,
          0.04170332188303773,
          0.9990587508084571,
          117.67742675869742
        ],
        [
          0.0,
          0.0,
          0.0,
          1.0
        ]
      ]
    },
    {
      "frame_id": 10765,
      "lidar_file_path": "train/0000010765.npy",
      "lidar2world": [
        [
          -0.8926153300761365,
          -0.4507276365502333,
          0.009081313546245175,
          1224.362440107055
        ],
        [
          0.45070588228532826,
          -0.8917586031325241,
          0.040383184118996995,
          3369.08477566444
        ],
        [
          -0.010103477656377301,
          0.040139650653478604,
          0.9991429969194618,
          117.67923197853965
        ],
        [
          0.0,
          0.0,
          0.0,
          1.0
        ]
      ]
    },
    {
      "frame_id": 10766,
      "lidar_file_path": "train/0000010766.npy",
      "lidar2world": [
        [
          -0.9030870994441706,
          -0.4294046178537442,
          0.006735354760283255,
          1224.076887347587
        ],
        [
          0.42933934507027754,
          -0.9023599551488615,
          0.03760635798204768,
          3369.1979714522495
        ],
        [
          -0.010070629261108964,
          0.03685356956667082,
          0.9992699319464624,
          117.68182509201077
        ],
        [
          0.0,
          0.0,
          0.0,
          1.0
        ]
      ]
    },
    {
      "frame_id": 10767,
      "lidar_file_path": "train/0000010767.npy",
      "lidar2world": [
        [
          -0.912500904282738,
          -0.40906370170740725,
          0.0029979646006416463,
          1223.796544691458
        ],
        [
          0.40890981010539384,
          -0.9119005732203281,
          0.03507294971086859,
          3369.300636815438
        ],
        [
          -0.011613225013139418,
          0.033229995457774913,
          0.9993802581632802,
          117.68417611241925
        ],
        [
          0.0,
          0.0,
          0.0,
          1.0
        ]
      ]
    },
    {
      "frame_id": 10768,
      "lidar_file_path": "train/0000010768.npy",
      "lidar2world": [
        [
          -0.921176990297289,
          -0.38914293807398953,
          0.0008522894855282835,
          1223.5275247170725
        ],
        [
          0.38895727366472216,
          -0.9206652530646633,
          0.03298076857699811,
          3369.395755597299
        ],
        [
          -0.012049559856305686,
          0.03071262930376459,
          0.9994556231041897,
          117.6860088592609
        ],
        [
          0.0,
          0.0,
          0.0,
          1.0
        ]
      ]
    },
    {
      "frame_id": 10769,
      "lidar_file_path": "train/0000010769.npy",
      "lidar2world": [
        [
          -0.9293261365868878,
          -0.36925810016965654,
          0.0011778926117508902,
          1223.2695692277382
        ],
        [
          0.369096832301548,
          -0.9288160034925366,
          0.03268577744147856,
          3369.48500936689
        ],
        [
          -0.01097544252734276,
          0.030810503770236867,
          0.9994649831368184,
          117.68753358158304
        ],
        [
          0.0,
          0.0,
          0.0,
          1.0
        ]
      ]
    },
    {
      "frame_id": 10771,
      "lidar_file_path": "train/0000010771.npy",
      "lidar2world": [
        [
          -0.9438801684996538,
          -0.33028539572806026,
          0.001336029442972947,
          1222.759368455198
        ],
        [
          0.33016094478477837,
          -0.9433968467845649,
          0.03156168586434772,
          3369.6429068557422
        ],
        [
          -0.009163957899109385,
          0.03023155409043602,
          0.9995009130016114,
          117.69049863141387
        ],
        [
          0.0,
          0.0,
          0.0,
          1.0
        ]
      ]
    },
    {
      "frame_id": 10772,
      "lidar_file_path": "train/0000010772.npy",
      "lidar2world": [
        [
          -0.9505859166052937,
          -0.31046145188941815,
          -0.0003196341323938364,
          1222.502998862463
        ],
        [
          0.31030851010627786,
          -0.9501489544307433,
          0.030423560984557188,
          3369.710745817209
        ],
        [
          -0.009749042884719943,
          0.028821023333687988,
          0.9995370452278498,
          117.69271424975965
        ],
        [
          0.0,
          0.0,
          0.0,
          1.0
        ]
      ]
    },
    {
      "frame_id": 10773,
      "lidar_file_path": "train/0000010773.npy",
      "lidar2world": [
        [
          -0.9566508013535762,
          -0.2912280541937284,
          -0.0023376862423866544,
          1222.2471324345204
        ],
        [
          0.2910510172535652,
          -0.9562948055737474,
          0.02809893711189872,
          3369.7709998428477
        ],
        [
          -0.010418715890684117,
          0.02620048480334574,
          0.9996024134805221,
          117.69573408940516
        ],
        [
          0.0,
          0.0,
          0.0,
          1.0
        ]
      ]
    },
    {
      "frame_id": 10774,
      "lidar_file_path": "train/0000010774.npy",
      "lidar2world": [
        [
          -0.9614959725945793,
          -0.27478178343377346,
          -0.004523961652461598,
          1221.9925146983453
        ],
        [
          0.27459378910916815,
          -0.9612441162715376,
          0.0246576558030821,
          3369.8240376890994
        ],
        [
          -0.011124106030672687,
          0.022465985022754067,
          0.9996857175118218,
          117.69877937106999
        ],
        [
          0.0,
          0.0,
          0.0,
          1.0
        ]
      ]
    },
    {
      "frame_id": 10775,
      "lidar_file_path": "train/0000010775.npy",
      "lidar2world": [
        [
          -0.9650786800685746,
          -0.26187756889673774,
          -0.006578777913488196,
          1221.73907397751
        ],
        [
          0.26168667105615956,
          -0.9649142796264001,
          0.021459709740043048,
          3369.876194752341
        ],
        [
          -0.011967773307589935,
          0.018988729831619658,
          0.9997480685179051,
          117.70109023389601
        ],
        [
          0.0,
          0.0,
          0.0,
          1.0
        ]
      ]
    },
    {
      "frame_id": 10776,
      "lidar_file_path": "train/0000010776.npy",
      "lidar2world": [
        [
          -0.967441448554372,
          -0.2529696170906371,
          -0.007963449899566615,
          1221.488505818143
        ],
        [
          0.2527765927210341,
          -0.9673238261828124,
          0.019713181501979926,
          3369.9295768715874
        ],
        [
          -0.012690070738654746,
          0.017058375120817502,
          0.9997739614668152,
          117.70285716352213
        ],
        [
          0.0,
          0.0,
          0.0,
          1.0
        ]
      ]
    },
    {
      "frame_id": 10777,
      "lidar_file_path": "train/0000010777.npy",
      "lidar2world": [
        [
          -0.9688757297339176,
          -0.24739419140648775,
          -0.00871404238792164,
          1221.238391259681
        ],
        [
          0.2472050045960986,
          -0.968786531778699,
          0.01850247591898054,
          3369.984640765523
        ],
        [
          -0.013019451891053486,
          0.015772445020781876,
          0.9997908400516393,
          117.70291185221896
        ],
        [
          0.0,
          0.0,
          0.0,
          1.0
        ]
      ]
    },
    {
      "frame_id": 10778,
      "lidar_file_path": "train/0000010778.npy",
      "lidar2world": [
        [
          -0.9696233370389098,
          -0.24444461551673688,
          -0.008798540510354707,
          1220.9855529477802
        ],
        [
          0.24429395961341718,
          -0.9695792718560886,
          0.015378454178072496,
          3370.0374810246913
        ],
        [
          -0.012290062744897448,
          0.012761877684058709,
          0.9998430321037517,
          117.7015574887865
        ],
        [
          0.0,
          0.0,
          0.0,
          1.0
        ]
      ]
    },
    {
      "frame_id": 10779,
      "lidar_file_path": "train/0000010779.npy",
      "lidar2world": [
        [
          -0.9697023026462789,
          -0.24411578876091433,
          -0.009215532278311829,
          1220.726906401323
        ],
        [
          0.24399002452698748,
          -0.9696913586449648,
          0.012943609539014224,
          3370.092695550328
        ],
        [
          -0.012095961405406143,
          0.010302950101261076,
          0.9998737605560406,
          117.70108472925888
        ],
        [
          0.0,
          0.0,
          0.0,
          1.0
        ]
      ]
    },
    {
      "frame_id": 10781,
      "lidar_file_path": "train/0000010781.npy",
      "lidar2world": [
        [
          -0.9687731854261035,
          -0.24778185997996213,
          -0.009092040425517575,
          1220.1888867935759
        ],
        [
          0.24766102701469667,
          -0.9687643605036761,
          0.01263446388372909,
          3370.2251576288536
        ],
        [
          -0.01193863567114106,
          0.009988185739674032,
          0.9998788452218347,
          117.70114237925206
        ],
        [
          0.0,
          0.0,
          0.0,
          1.0
        ]
      ]
    },
    {
      "frame_id": 10782,
      "lidar_file_path": "train/0000010782.npy",
      "lidar2world": [
        [
          -0.9681686596510126,
          -0.2501814371079493,
          -0.007661265804506756,
          1219.907095080884
        ],
        [
          0.2500664719068771,
          -0.9681353689578616,
          0.013441241318922848,
          3370.2998193221924
        ],
        [
          -0.010779891429886739,
          0.011097562963408502,
          0.9998803118742491,
          117.69999548718035
        ],
        [
          0.0,
          0.0,
          0.0,
          1.0
        ]
      ]
    },
    {
      "frame_id": 10783,
      "lidar_file_path": "train/0000010783.npy",
      "lidar2world": [
        [
          -0.9675075893596741,
          -0.2527657061326479,
          -0.006209856677045065,
          1219.612332752857
        ],
        [
          0.2526634226531058,
          -0.9674555576763605,
          0.013818060513054144,
          3370.3784826394794
        ],
        [
          -0.009500492156580366,
          0.011800074770740748,
          0.999885242858203,
          117.69871117846783
        ],
        [
          0.0,
          0.0,
          0.0,
          1.0
        ]
      ]
    },
    {
      "frame_id": 10784,
      "lidar_file_path": "train/0000010784.npy",
      "lidar2world": [
        [
          -0.9668397164142325,
          -0.25532985305668127,
          -0.005256324248877046,
          1219.3007177537593
        ],
        [
          0.25523999115374274,
          -0.966780996457018,
          0.013676689025243797,
          3370.4607649086242
        ],
        [
          -0.008573781339675601,
          0.01188154199799277,
          0.9998926538616356,
          117.69782270042042
        ],
        [
          0.0,
          0.0,
          0.0,
          1.0
        ]
      ]
    },
    {
      "frame_id": 10785,
      "lidar_file_path": "train/0000010785.npy",
      "lidar2world": [
        [
          -0.9660852235891257,
          -0.2581750287088663,
          -0.00499952769613475,
          1218.9707276743677
        ],
        [
          0.25807308852560096,
          -0.9660023499310676,
          0.015418848603967117,
          3370.5523818376914
        ],
        [
          -0.008810317159581768,
          0.013605678265889314,
          0.9998686233233343,
          117.69585782894939
        ],
        [
          0.0,
          0.0,
          0.0,
          1.0
        ]
      ]
    },
    {
      "frame_id": 10786,
      "lidar_file_path": "train/0000010786.npy",
      "lidar2world": [
        [
          -0.9654456056992907,
          -0.2605750571113153,
          -0.003927101675284092,
          1218.622228682215
        ],
        [
          0.2605146277922442,
          -0.9653985750306961,
          0.011735420498066558,
          3370.639193629191
        ],
        [
          -0.006849176186363598,
          0.010306842762106172,
          0.9999234259876412,
          117.69477136409367
        ],
        [
          0.0,
          0.0,
          0.0,
          1.0
        ]
      ]
    },
    {
      "frame_id": 10787,
      "lidar_file_path": "train/0000010787.npy",
      "lidar2world": [
        [
          -0.9644696582868161,
          -0.2641851996151915,
          -0.0021115271302864654,
          1218.2535833375478
        ],
        [
          0.26416441546782055,
          -0.9644510483314065,
          0.007164987946539526,
          3370.7292505176165
        ],
        [
          -0.003929348196422508,
          0.006352623169666245,
          0.9999721018677457,
          117.69446398677724
        ],
        [
          0.0,
          0.0,
          0.0,
          1.0
        ]
      ]
    },
    {
      "frame_id": 10788,
      "lidar_file_path": "train/0000010788.npy",
      "lidar2world": [
        [
          -0.9632600416045962,
          -0.2685700913764871,
          -0.00044542698405696565,
          1217.8646012522263
        ],
        [
          0.2685662135275086,
          -0.9632528109593032,
          0.004026318294269668,
          3370.8296621261657
        ],
        [
          -0.0015104074441586578,
          0.0037587648995580803,
          0.9999917951251568,
          117.69317248576787
        ],
        [
          0.0,
          0.0,
          0.0,
          1.0
        ]
      ]
    },
    {
      "frame_id": 10789,
      "lidar_file_path": "train/0000010789.npy",
      "lidar2world": [
        [
          -0.9618647305420873,
          -0.2735237456070149,
          0.0010003527136036446,
          1217.4540709254006
        ],
        [
          0.27352556852145293,
          -0.9618590617388089,
          0.0033028458776108703,
          3370.945302669444
        ],
        [
          5.8791567970753586e-05,
          0.0034505129742501725,
          0.9999940452423551,
          117.6934621274008
        ],
        [
          0.0,
          0.0,
          0.0,
          1.0
        ]
      ]
    },
    {
      "frame_id": 10791,
      "lidar_file_path": "train/0000010791.npy",
      "lidar2world": [
        [
          -0.9579543049306194,
          -0.28689317378392976,
          0.003982026020315449,
          1216.5693777110853
        ],
        [
          0.2869082590176917,
          -0.9579499488200797,
          0.003942902866510544,
          3371.2107788072494
        ],
        [
          0.002683389755032927,
          0.004919596949080844,
          0.9999842983466564,
          117.69186784463123
        ],
        [
          0.0,
          0.0,
          0.0,
          1.0
        ]
      ]
    },
    {
      "frame_id": 10792,
      "lidar_file_path": "train/0000010792.npy",
      "lidar2world": [
        [
          -0.9556782057027554,
          -0.29436293819779585,
          0.005443144286338741,
          1216.095006555202
        ],
        [
          0.294381607708244,
          -0.9556832274091106,
          0.0030063320869699053,
          3371.356327468184
        ],
        [
          0.004316969018870526,
          0.004475447561527963,
          0.9999806668553302,
          117.68873052187814
        ],
        [
          0.0,
          0.0,
          0.0,
          1.0
        ]
      ]
    },
    {
      "frame_id": 10793,
      "lidar_file_path": "train/0000010793.npy",
      "lidar2world": [
        [
          -0.9531310511904139,
          -0.3025280061931871,
          0.0042432120518231115,
          1215.5950954408977
        ],
        [
          0.3025316919393885,
          -0.9531392961177859,
          0.00024007947973402229,
          3371.5085898335833
        ],
        [
          0.003971741365677619,
          0.0015125333171641174,
          0.9999909687310998,
          117.69253995526238
        ],
        [
          0.0,
          0.0,
          0.0,
          1.0
        ]
      ]
    },
    {
      "frame_id": 10794,
      "lidar_file_path": "train/0000010794.npy",
      "lidar2world": [
        [
          -0.9505872925010675,
          -0.31045332993281755,
          0.0015903708091280807,
          1215.0704672659583
        ],
        [
          0.310451128999806,
          -0.950588176871156,
          -0.0014881470087182427,
          3371.6729472981096
        ],
        [
          0.0019737879298075815,
          -0.0009208811990401257,
          0.9999976280519379,
          117.69597453291199
        ],
        [
          0.0,
          0.0,
          0.0,
          1.0
        ]
      ]
    },
    {
      "frame_id": 10795,
      "lidar_file_path": "train/0000010795.npy",
      "lidar2world": [
        [
          -0.9478536525063013,
          -0.3187049143010465,
          -0.0007943856066980674,
          1214.5261670338718
        ],
        [
          0.31870589485684614,
          -0.9478512866460169,
          -0.0021192079238734254,
          3371.8521571933925
        ],
        [
          -7.755741927394593e-05,
          -0.0022618742760523746,
          0.9999974389723904,
          117.69920642620504
        ],
        [
          0.0,
          0.0,
          0.0,
          1.0
        ]
      ]
    },
    {
      "frame_id": 10796,
      "lidar_file_path": "train/0000010796.npy",
      "lidar2world": [
        [
          -0.9449414702906029,
          -0.3272313003529174,
          -0.0023008530765403906,
          1213.9642564535052
        ],
        [
          0.32723685744498654,
          -0.9449384598892395,
          -0.0027104081783058524,
          3372.0427375457807
        ],
        [
          -0.0012872340962356587,
          -0.0033141009981912254,
          0.9999936799007152,
          117.70155901995979
        ],
        [
          0.0,
          0.0,
          0.0,
          1.0
        ]
      ]
    },
    {
      "frame_id": 10797,
      "lidar_file_path": "train/0000010797.npy",
      "lidar2world": [
        [
          -0.9419106789855592,
          -0.33584950209804026,
          -0.003063471462210686,
          1213.3837840757813
        ],
        [
          0.3358594286823473,
          -0.9419049182791526,
          -0.0036836453902258973,
          3372.2454238824753
        ],
        [
          -0.0016483482636618424,
          -0.0044985606895766835,
          0.99998852294968,
          117.70362478287038
        ],
        [
          0.0,
          0.0,
          0.0,
          1.0
        ]
      ]
    },
    {
      "frame_id": 10798,
      "lidar_file_path": "train/0000010798.npy",
      "lidar2world": [
        [
          -0.9388441840265846,
          -0.3443279939382953,
          -0.003135395601083058,
          1212.7835800574173
        ],
        [
          0.3443385507409312,
          -0.9388374404442048,
          -0.0039016537702076075,
          3372.4612265004503
        ],
        [
          -0.0016001780769135036,
          -0.004742682522350591,
          0.9999874730929241,
          117.7043230081928
        ],
        [
          0.0,
          0.0,
          0.0,
          1.0
        ]
      ]
    },
    {
      "frame_id": 10799,
      "lidar_file_path": "train/0000010799.npy",
      "lidar2world": [
        [
          -0.9360588447318149,
          -0.3518342153044727,
          -0.0025542747466202687,
          1212.1678096156334
        ],
        [
          0.35184152354685444,
          -0.9360532074521047,
          -0.0034547323830561656,
          3372.690560111944
        ],
        [
          -0.0011754439841178434,
          -0.0041325327846581114,
          0.9999907702752561,
          117.70373942640238
        ],
        [
          0.0,
          0.0,
          0.0,
          1.0
        ]
      ]
    },
    {
      "frame_id": 10800,
      "lidar_file_path": "train/0000010800.npy",
      "lidar2world": [
        [
          -0.933715080367906,
          -0.35800879863616497,
          -0.0024184471158342664,
          1211.5318692771136
        ],
        [
          0.3580138456170911,
          -0.933713844164937,
          -0.0021315836280755046,
          3372.9327250101182
        ],
        [
          -0.0014950118090070483,
          -0.0028561293261706085,
          0.9999948037494608,
          117.70365478355788
        ],
        [
          0.0,
          0.0,
          0.0,
          1.0
        ]
      ]
    }
  ]
}