{
  "w_lidar": 1030,
  "h_lidar": 66,
  "num_frames": 51,
  "num_frames_split": 47,
  "frames": [
    {
      "frame_id": 8120,
      "lidar_file_path": "train/0000008120.npy",
      "lidar2world": [
        [
          -0.3289742215575325,
          0.9437842763622946,
          -0.03236048868103601,
          1275.8718432279968
        ],
        [
          -0.9442824133703874,
          -0.3291361532764272,
          0.0003413310916213022,
          3450.884982348523
        ],
        [
          -0.01032886378184303,
          0.030669729465268566,
          0.9994762039675231,
          117.14686250481708
        ],
        [
          0.0,
          0.0,
          0.0,
          1.0
        ]
      ]
    },
    {
      "frame_id": 8121,
      "lidar_file_path": "train/0000008121.npy",
      "lidar2world": [
        [
          -0.3289742215575325,
          0.9437842763622946,
          -0.03236048868103601,
          1275.8718432279968
        ],
        [
          -0.9442824133703874,
          -0.3291361532764272,
          0.0003413310916213022,
          3450.884982348523
        ],
        [
          -0.01032886378184303,
          0.030669729465268566,
          0.9994762039675231,
          117.14686250481708
        ],
        [
          0.0,
          0.0,
          0.0,
          1.0
        ]
      ]
    },
    {
      "frame_id": 8122,
      "lidar_file_path": "train/0000008122.npy",
      "lidar2world": [
        [
          -0.30605987318324174,
          0.9514997434966811,
          -0.031234470365066495,
          1275.8072267153373
        ],
        [
          -0.951983374944142,
          -0.30614142126232013,
          0.002254792353099281,
          3450.6356420527677
        ],
        [
          -0.007416730794264547,
          0.030424797981775865,
          0.9995095416311843,
          117.14830182623604
        ],
        [
          0.0,
          0.0,
          0.0,
          1.0
        ]
      ]
    },
    {
      "frame_id": 8123,
      "lidar_file_path": "train/0000008123.npy",
      "lidar2world": [
        [
          -0.30605987318324174,
          0.9514997434966811,
          -0.031234470365066495,
          1275.8072267153373
        ],
        [
          -0.951983374944142,
          -0.30614142126232013,
          0.002254792353099281,
          3450.6356420527677
        ],
        [
          -0.007416730794264547,
          0.030424797981775865,
          0.9995095416311843,
          117.14830182623604
        ],
        [
          0.0,
          0.0,
          0.0,
          1.0
        ]
      ]
    },
    {
      "frame_id": 8124,
      "lidar_file_path": "train/0000008124.npy",
      "lidar2world": [
        [
          -0.2831001793694123,
          0.958641684480226,
          -0.02933273432978798,
          1275.752127183889
        ],
        [
          -0.95907132842267,
          -0.2831547255258287,
          0.0023639828823789916,
          3450.3825778079154
        ],
        [
          -0.006039489785731089,
          0.028801428501970764,
          0.999566907356963,
          117.15129625750828
        ],
        [
          0.0,
          0.0,
          0.0,
          1.0
        ]
      ]
    },
    {
      "frame_id": 8125,
      "lidar_file_path": "train/0000008125.npy",
      "lidar2world": [
        [
          -0.2831001793694123,
          0.958641684480226,
          -0.02933273432978798,
          1275.752127183889
        ],
        [
          -0.95907132842267,
          -0.2831547255258287,
          0.0023639828823789916,
          3450.3825778079154
        ],
        [
          -0.006039489785731089,
          0.028801428501970764,
          0.999566907356963,
          117.15129625750828
        ],
        [
          0.0,
          0.0,
          0.0,
          1.0
        ]
      ]
    },
    {
      "frame_id": 8126,
      "lidar_file_path": "train/0000008126.npy",
      "lidar2world": [
        [
          -0.2605886130796361,
          0.965055199220258,
          -0.027605022919274597,
          1275.7045875536662
        ],
        [
          -0.9654323355126602,
          -0.26064996101988014,
          0.0014154400195969179,
          3450.1334188410697
        ],
        [
          -0.005829270317747454,
          0.0270196292882735,
          0.9996179066070864,
          117.15484287042038
        ],
        [
          0.0,
          0.0,
          0.0,
          1.0
        ]
      ]
    },
    {
      "frame_id": 8127,
      "lidar_file_path": "train/0000008127.npy",
      "lidar2world": [
        [
          -0.2605886130796361,
          0.965055199220258,
          -0.027605022919274597,
          1275.7045875536662
        ],
        [
          -0.9654323355126602,
          -0.26064996101988014,
          0.0014154400195969179,
          3450.1334188410697
        ],
        [
          -0.005829270317747454,
          0.0270196292882735,
          0.9996179066070864,
          117.15484287042038
        ],
        [
          0.0,
          0.0,
          0.0,
          1.0
        ]
      ]
    },
    {
      "frame_id": 8128,
      "lidar_file_path": "train/0000008128.npy",
      "lidar2world": [
        [
          -0.23922012869935028,
          0.9706177216433854,
          -0.02598015624977204,
          1275.6654902438138
        ],
        [
          -0.9709493313060101,
          -0.2392842759119685,
          0.0006568610563124867,
          3449.8985977908856
        ],
        [
          -0.0055790818584342495,
          0.02538254975615519,
          0.999662242979129,
          117.15812297720326
        ],
        [
          0.0,
          0.0,
          0.0,
          1.0
        ]
      ]
    },
    {
      "frame_id": 8129,
      "lidar_file_path": "train/0000008129.npy",
      "lidar2world": [
        [
          -0.23922012869935028,
          0.9706177216433854,
          -0.02598015624977204,
          1275.6654902438138
        ],
        [
          -0.9709493313060101,
          -0.2392842759119685,
          0.0006568610563124867,
          3449.8985977908856
        ],
        [
          -0.0055790818584342495,
          0.02538254975615519,
          0.999662242979129,
          117.15812297720326
        ],
        [
          0.0,
          0.0,
          0.0,
          1.0
        ]
      ]
    },
    {
      "frame_id": 8131,
      "lidar_file_path": "train/0000008131.npy",
      "lidar2world": [
        [
          -0.21878504142508007,
          0.9754551167441845,
          -0.024908250223329584,
          1275.6311905082869
        ],
        [
          -0.9757637450141734,
          -0.2188233204695959,
          0.0012117977867252244,
          3449.6796576756497
        ],
        [
          -0.004268451610358774,
          0.024569690746279845,
          0.9996890069726436,
          117.16082630703482
        ],
        [
          0.0,
          0.0,
          0.0,
          1.0
        ]
      ]
    },
    {
      "frame_id": 8132,
      "lidar_file_path": "train/0000008132.npy",
      "lidar2world": [
        [
          -0.19899409047009892,
          0.9796950635741946,
          -0.024473136788275538,
          1275.6016867787228
        ],
        [
          -0.9799954913308254,
          -0.19901231599037109,
          0.0017132242149349593,
          3449.465105383709
        ],
        [
          -0.003192018271740142,
          0.024324485152179373,
          0.9996990199336818,
          117.16319820811029
        ],
        [
          0.0,
          0.0,
          0.0,
          1.0
        ]
      ]
    },
    {
      "frame_id": 8133,
      "lidar_file_path": "train/0000008133.npy",
      "lidar2world": [
        [
          -0.19899409047009892,
          0.9796950635741946,
          -0.024473136788275538,
          1275.6016867787228
        ],
        [
          -0.9799954913308254,
          -0.19901231599037109,
          0.0017132242149349593,
          3449.465105383709
        ],
        [
          -0.003192018271740142,
          0.024324485152179373,
          0.9996990199336818,
          117.16319820811029
        ],
        [
          0.0,
          0.0,
          0.0,
          1.0
        ]
      ]
    },
    {
      "frame_id": 8134,
      "lidar_file_path": "train/0000008134.npy",
      "lidar2world": [
        [
          -0.17897331445436424,
          0.9835690247325434,
          -0.023675438273917212,
          1275.576719992625
        ],
        [
          -0.9838507266481035,
          -0.17898229883957548,
          0.0017562675046693507,
          3449.248110205659
        ],
        [
          -0.0025100739991131774,
          0.02360742215952451,
          0.9997181548516781,
          117.16646055524267
        ],
        [
          0.0,
          0.0,
          0.0,
          1.0
        ]
      ]
    },
    {
      "frame_id": 8135,
      "lidar_file_path": "train/0000008135.npy",
      "lidar2world": [
        [
          -0.17897331445436424,
          0.9835690247325434,
          -0.023675438273917212,
          1275.576719992625
        ],
        [
          -0.9838507266481035,
          -0.17898229883957548,
          0.0017562675046693507,
          3449.248110205659
        ],
        [
          -0.0025100739991131774,
          0.02360742215952451,
          0.9997181548516781,
          117.16646055524267
        ],
        [
          0.0,
          0.0,
          0.0,
          1.0
        ]
      ]
    },
    {
      "frame_id": 8136,
      "lidar_file_path": "train/0000008136.npy",
      "lidar2world": [
        [
          -0.1608166845747719,
          0.9867359756458278,
          -0.022138393303291194,
          1275.5566601953826
        ],
        [
          -0.9869834266340539,
          -0.16080579825390984,
          0.0022827428042943953,
          3449.030534542898
        ],
        [
          -0.0013075174967631718,
          0.022217330471333136,
          0.9997523096469513,
          117.16977395569381
        ],
        [
          0.0,
          0.0,
          0.0,
          1.0
        ]
      ]
    },
    {
      "frame_id": 8137,
      "lidar_file_path": "train/0000008137.npy",
      "lidar2world": [
        [
          -0.1608166845747719,
          0.9867359756458278,
          -0.022138393303291194,
          1275.5566601953826
        ],
        [
          -0.9869834266340539,
          -0.16080579825390984,
          0.0022827428042943953,
          3449.030534542898
        ],
        [
          -0.0013075174967631718,
          0.022217330471333136,
          0.9997523096469513,
          117.16977395569381
        ],
        [
          0.0,
          0.0,
          0.0,
          1.0
        ]
      ]
    },
    {
      "frame_id": 8138,
      "lidar_file_path": "train/0000008138.npy",
      "lidar2world": [
        [
          -0.1464134928381479,
          0.9890046291211312,
          -0.020807036922886435,
          1275.5363776216498
        ],
        [
          -0.9892231853076572,
          -0.1463972353137047,
          0.002310678667853745,
          3448.810873236823
        ],
        [
          -0.000760820711957373,
          0.020921117886183407,
          0.9997808399926618,
          117.17297367111348
        ],
        [
          0.0,
          0.0,
          0.0,
          1.0
        ]
      ]
    },
    {
      "frame_id": 8139,
      "lidar_file_path": "train/0000008139.npy",
      "lidar2world": [
        [
          -0.1464134928381479,
          0.9890046291211312,
          -0.020807036922886435,
          1275.5363776216498
        ],
        [
          -0.9892231853076572,
          -0.1463972353137047,
          0.002310678667853745,
          3448.810873236823
        ],
        [
          -0.000760820711957373,
          0.020921117886183407,
          0.9997808399926618,
          117.17297367111348
        ],
        [
          0.0,
          0.0,
          0.0,
          1.0
        ]
      ]
    },
    {
      "frame_id": 8141,
      "lidar_file_path": "train/0000008141.npy",
      "lidar2world": [
        [
          -0.13584375562697407,
          0.9905171130462214,
          -0.0205504957664844,
          1275.513642975204
        ],
        [
          -0.9907301736539984,
          -0.13582380927916998,
          0.002369781615037133,
          3448.58876058839
        ],
        [
          -0.00044393734652821133,
          0.020681916270979046,
          0.9997860077229037,
          117.17580648587503
        ],
        [
          0.0,
          0.0,
          0.0,
          1.0
        ]
      ]
    },
    {
      "frame_id": 8142,
      "lidar_file_path": "train/0000008142.npy",
      "lidar2world": [
        [
          -0.1262951477268993,
          0.9917751390484799,
          -0.020775209892855945,
          1275.491675746067
        ],
        [
          -0.9919926469630157,
          -0.12627487391259945,
          0.0022901020752601727,
          3448.3644425772204
        ],
        [
          -0.0003521207048698892,
          0.020898084152014027,
          0.9997815492190811,
          117.17913296029501
        ],
        [
          0.0,
          0.0,
          0.0,
          1.0
        ]
      ]
    },
    {
      "frame_id": 8143,
      "lidar_file_path": "train/0000008143.npy",
      "lidar2world": [
        [
          -0.1262951477268993,
          0.9917751390484799,
          -0.020775209892855945,
          1275.491675746067
        ],
        [
          -0.9919926469630157,
          -0.12627487391259945,
          0.0022901020752601727,
          3448.3644425772204
        ],
        [
          -0.0003521207048698892,
          0.020898084152014027,
          0.9997815492190811,
          117.17913296029501
        ],
        [
          0.0,
          0.0,
          0.0,
          1.0
        ]
      ]
    },
    {
      "frame_id": 8144,
      "lidar_file_path": "train/0000008144.npy",
      "lidar2world": [
        [
          -0.1141555832797631,
          0.9932370972654134,
          -0.0211795071825429,
          1275.4728671419255
        ],
        [
          -0.993462825578228,
          -0.11413697347800836,
          0.002089387581265405,
          3448.1383688993506
        ],
        [
          -0.00034210750611185693,
          0.021279568328993713,
          0.9997735058183816,
          117.18248837766137
        ],
        [
          0.0,
          0.0,
          0.0,
          1.0
        ]
      ]
    },
    {
      "frame_id": 8145,
      "lidar_file_path": "train/0000008145.npy",
      "lidar2world": [
        [
          -0.1141555832797631,
          0.9932370972654134,
          -0.0211795071825429,
          1275.4728671419255
        ],
        [
          -0.993462825578228,
          -0.11413697347800836,
          0.002089387581265405,
          3448.1383688993506
        ],
        [
          -0.00034210750611185693,
          0.021279568328993713,
          0.9997735058183816,
          117.18248837766137
        ],
        [
          0.0,
          0.0,
          0.0,
          1.0
        ]
      ]
    },
    {
      "frame_id": 8146,
      "lidar_file_path": "train/0000008146.npy",
      "lidar2world": [
        [
          -0.09807175264889549,
          0.9949649046293276,
          -0.020658413851584127,
          1275.461069682453
        ],
        [
          -0.9951780272871666,
          -0.09801669173779314,
          0.0036636414340024317,
          3447.9057728063776
        ],
        [
          0.0016203253334212922,
          0.020918099258553202,
          0.9997798796494851,
          117.1853499240553
        ],
        [
          0.0,
          0.0,
          0.0,
          1.0
        ]
      ]
    },
    {
      "frame_id": 8147,
      "lidar_file_path": "train/0000008147.npy",
      "lidar2world": [
        [
          -0.09807175264889549,
          0.9949649046293276,
          -0.020658413851584127,
          1275.461069682453
        ],
        [
          -0.9951780272871666,
          -0.09801669173779314,
          0.0036636414340024317,
          3447.9057728063776
        ],
        [
          0.0016203253334212922,
          0.020918099258553202,
          0.9997798796494851,
          117.1853499240553
        ],
        [
          0.0,
          0.0,
          0.0,
          1.0
        ]
      ]
    },
    {
      "frame_id": 8148,
      "lidar_file_path": "train/0000008148.npy",
      "lidar2world": [
        [
          -0.07663494049197159,
          0.9968669525477974,
          -0.019579706581910643,
          1275.4551006639124
        ],
        [
          -0.9970371426558615,
          -0.07648778914629895,
          0.008158083618061666,
          3447.6377843798805
        ],
        [
          0.006634915628657905,
          0.020146888947283594,
          0.9997750150597138,
          117.1867838632007
        ],
        [
          0.0,
          0.0,
          0.0,
          1.0
        ]
      ]
    },
    {
      "frame_id": 8149,
      "lidar_file_path": "train/0000008149.npy",
      "lidar2world": [
        [
          -0.07663494049197159,
          0.9968669525477974,
          -0.019579706581910643,
          1275.4551006639124
        ],
        [
          -0.9970371426558615,
          -0.07648778914629895,
          0.008158083618061666,
          3447.6377843798805
        ],
        [
          0.006634915628657905,
          0.020146888947283594,
          0.9997750150597138,
          117.1867838632007
        ],
        [
          0.0,
          0.0,
          0.0,
          1.0
        ]
      ]
    },
    {
      "frame_id": 8151,
      "lidar_file_path": "train/0000008151.npy",
      "lidar2world": [
        [
          -0.03404529332530071,
          0.9992731255680711,
          -0.017150469494976145,
          1275.4602945380784
        ],
        [
          -0.9993160328885065,
          -0.033788865758215963,
          0.015025943282178565,
          3447.0636588379793
        ],
        [
          0.014435526415356562,
          0.017650301798648314,
          0.9997400074742941,
          117.19284013613431
        ],
        [
          0.0,
          0.0,
          0.0,
          1.0
        ]
      ]
    },
    {
      "frame_id": 8152,
      "lidar_file_path": "train/0000008152.npy",
      "lidar2world": [
        [
          -0.019397127882519412,
          0.999691204261188,
          -0.015532151037072513,
          1275.4688510363803
        ],
        [
          -0.9997136058186834,
          -0.019175095295455274,
          0.014318592613549036,
          3446.8120180249175
        ],
        [
          0.014016340644160205,
          0.015805442363781053,
          0.9997768402601103,
          117.19704202053313
        ],
        [
          0.0,
          0.0,
          0.0,
          1.0
        ]
      ]
    },
    {
      "frame_id": 8153,
      "lidar_file_path": "train/0000008153.npy",
      "lidar2world": [
        [
          -0.006429149984715634,
          0.999903560558838,
          -0.012309987350558861,
          1275.4813314926412
        ],
        [
          -0.9998941147199873,
          -0.006267405064052006,
          0.013133125245472633,
          3446.5304158488916
        ],
        [
          0.013054707088220917,
          0.012393118792518384,
          0.9998379794878327,
          117.19942267264979
        ],
        [
          0.0,
          0.0,
          0.0,
          1.0
        ]
      ]
    },
    {
      "frame_id": 8154,
      "lidar_file_path": "train/0000008154.npy",
      "lidar2world": [
        [
          0.004025708633191895,
          0.999933583976742,
          -0.010799139934423755,
          1275.4946796370257
        ],
        [
          -0.9999356248809572,
          0.004139811624736829,
          0.010564475153505382,
          3446.21989596876
        ],
        [
          0.01060847997333804,
          0.01075591518361085,
          0.9998858786902487,
          117.20462627806884
        ],
        [
          0.0,
          0.0,
          0.0,
          1.0
        ]
      ]
    },
    {
      "frame_id": 8155,
      "lidar_file_path": "train/0000008155.npy",
      "lidar2world": [
        [
          0.01264993890750501,
          0.9998910128082653,
          -0.007611934476081804,
          1275.5112914679396
        ],
        [
          -0.9998858820234683,
          0.012712013766680758,
          0.008162579943969501,
          3445.883487717618
        ],
        [
          0.008258453414895678,
          0.007507809659198265,
          0.9999377134654805,
          117.20962900119336
        ],
        [
          0.0,
          0.0,
          0.0,
          1.0
        ]
      ]
    },
    {
      "frame_id": 8156,
      "lidar_file_path": "train/0000008156.npy",
      "lidar2world": [
        [
          0.017182926093592225,
          0.9998415683633366,
          -0.004646003618782471,
          1275.5283388851124
        ],
        [
          -0.9998241326713043,
          0.017217172879298203,
          0.007434558203404829,
          3445.524918651762
        ],
        [
          0.007513371428782582,
          0.004517439103801117,
          0.9999615702931838,
          117.21278900940938
        ],
        [
          0.0,
          0.0,
          0.0,
          1.0
        ]
      ]
    },
    {
      "frame_id": 8157,
      "lidar_file_path": "train/0000008157.npy",
      "lidar2world": [
        [
          0.016741739355078646,
          0.9998589211244185,
          -0.0013608843031073447,
          1275.5463432686079
        ],
        [
          -0.9998345558587747,
          0.016750981193991384,
          0.007089821085826997,
          3445.144996216929
        ],
        [
          0.007111617040064194,
          0.001241963161950225,
          0.9999739408680706,
          117.21848990610789
        ],
        [
          0.0,
          0.0,
          0.0,
          1.0
        ]
      ]
    },
    {
      "frame_id": 8158,
      "lidar_file_path": "train/0000008158.npy",
      "lidar2world": [
        [
          0.012253857198623881,
          0.9999234645947347,
          0.0017053225845139075,
          1275.5607842308004
        ],
        [
          -0.9999004807355221,
          0.01224161646223072,
          0.0070122334964771655,
          3444.7395719035794
        ],
        [
          0.006990820973144446,
          -0.0017910797965656723,
          0.9999739599565954,
          117.22212564007849
        ],
        [
          0.0,
          0.0,
          0.0,
          1.0
        ]
      ]
    },
    {
      "frame_id": 8159,
      "lidar_file_path": "train/0000008159.npy",
      "lidar2world": [
        [
          0.003307652995182561,
          0.9999777784107252,
          0.0057881161990098315,
          1275.569981305262
        ],
        [
          -0.9999660846026651,
          0.003263846165108011,
          0.007561551428996887,
          3444.30976089891
        ],
        [
          0.007542491948195724,
          -0.005812930862474054,
          0.9999546593188156,
          117.22542964876057
        ],
        [
          0.0,
          0.0,
          0.0,
          1.0
        ]
      ]
    },
    {
      "frame_id": 8161,
      "lidar_file_path": "train/0000008161.npy",
      "lidar2world": [
        [
          -0.028724159754755133,
          0.9995292732218192,
          0.010777509351997776,
          1275.5595660244164
        ],
        [
          -0.9995608141535912,
          -0.028800328374194727,
          0.006979973211393782,
          3443.3754633763774
        ],
        [
          0.007287083446268207,
          -0.010572282188981085,
          0.9999175592653495,
          117.2308284574323
        ],
        [
          0.0,
          0.0,
          0.0,
          1.0
        ]
      ]
    },
    {
      "frame_id": 8162,
      "lidar_file_path": "train/0000008162.npy",
      "lidar2world": [
        [
          -0.048246115743708656,
          0.9987729748905968,
          0.01117394182394989,
          1275.5347093244002
        ],
        [
          -0.9987984815367911,
          -0.04833759446183466,
          0.008066609305614198,
          3442.8734760830484
        ],
        [
          0.008596832941944927,
          -0.01077133355239261,
          0.9999050319498778,
          117.23397711955613
        ],
        [
          0.0,
          0.0,
          0.0,
          1.0
        ]
      ]
    },
    {
      "frame_id": 8163,
      "lidar_file_path": "train/0000008163.npy",
      "lidar2world": [
        [
          -0.06882795065036931,
          0.9975587508158065,
          0.01180050814629438,
          1275.4964077577572
        ],
        [
          -0.9975975883001863,
          -0.06891418244940734,
          0.007063097248323444,
          3442.348474336056
        ],
        [
          0.007859076858457402,
          -0.011286019970034615,
          0.9999054258501313,
          117.23880674136817
        ],
        [
          0.0,
          0.0,
          0.0,
          1.0
        ]
      ]
    },
    {
      "frame_id": 8164,
      "lidar_file_path": "train/0000008164.npy",
      "lidar2world": [
        [
          -0.09029947024152446,
          0.9958287843387492,
          0.013078150331657287,
          1275.4486005215238
        ],
        [
          -0.9958984820791833,
          -0.09036506197267152,
          0.004513214051825037,
          3441.8030433748277
        ],
        [
          0.005676196425707626,
          -0.012616969151414572,
          0.9999042918801612,
          117.24398296192852
        ],
        [
          0.0,
          0.0,
          0.0,
          1.0
        ]
      ]
    },
    {
      "frame_id": 8165,
      "lidar_file_path": "train/0000008165.npy",
      "lidar2world": [
        [
          -0.11259045671837539,
          0.9935196769100867,
          0.0155576558995571,
          1275.3901985926805
        ],
        [
          -0.9936330177026607,
          -0.11264031197745607,
          0.0023635283051396203,
          3441.2402931584365
        ],
        [
          0.004100631158916499,
          -0.015192489775076843,
          0.9998761788747798,
          117.24906947965377
        ],
        [
          0.0,
          0.0,
          0.0,
          1.0
        ]
      ]
    },
    {
      "frame_id": 8166,
      "lidar_file_path": "train/0000008166.npy",
      "lidar2world": [
        [
          -0.13518720725679859,
          0.9906299929009768,
          0.019407116536560035,
          1275.3187756470195
        ],
        [
          -0.9908140031263727,
          -0.1352290105816738,
          0.0008520448557167497,
          3440.661962089238
        ],
        [
          0.0034684664818569835,
          -0.019113657289455323,
          0.9998113011479374,
          117.2536342001778
        ],
        [
          0.0,
          0.0,
          0.0,
          1.0
        ]
      ]
    },
    {
      "frame_id": 8167,
      "lidar_file_path": "train/0000008167.npy",
      "lidar2world": [
        [
          -0.1574292409155567,
          0.9872698060577708,
          0.022679600411517013,
          1275.2300546565448
        ],
        [
          -0.9875213266129819,
          -0.15748403385491694,
          0.0006392835214327887,
          3440.0703042617697
        ],
        [
          0.004202820374026279,
          -0.02229594715440249,
          0.9997425804477788,
          117.2575442877483
        ],
        [
          0.0,
          0.0,
          0.0,
          1.0
        ]
      ]
    },
    {
      "frame_id": 8168,
      "lidar_file_path": "train/0000008168.npy",
      "lidar2world": [
        [
          -0.17992415521744656,
          0.983439132284706,
          0.021789253059017938,
          1275.1176321486882
        ],
        [
          -0.9836704986081355,
          -0.17997799909381043,
          0.0005196941176968898,
          3439.460606329345
        ],
        [
          0.004432673803697691,
          -0.021339939877949517,
          0.9997624509534487,
          117.26082150649101
        ],
        [
          0.0,
          0.0,
          0.0,
          1.0
        ]
      ]
    },
    {
      "frame_id": 8169,
      "lidar_file_path": "train/0000008169.npy",
      "lidar2world": [
        [
          -0.20177145579861988,
          0.9792298534978081,
          0.019929216274480542,
          1274.984608914102
        ],
        [
          -0.9794184861043069,
          -0.20183612611464533,
          0.0012678064640184712,
          3438.83685012647
        ],
        [
          0.005263909842213037,
          -0.019263235640462756,
          0.9998005896866508,
          117.26576010470684
        ],
        [
          0.0,
          0.0,
          0.0,
          1.0
        ]
      ]
    },
    {
      "frame_id": 8170,
      "lidar_file_path": "train/0000008170.npy",
      "lidar2world": [
        [
          -0.22260450797386971,
          0.9747129503871799,
          0.01954219717567324,
          1274.8372771548047
        ],
        [
          -0.9748934682016726,
          -0.22266881392329446,
          0.0011511363839882638,
          3438.1974660176966
        ],
        [
          0.005473465521085156,
          -0.018795312248247827,
          0.9998083704043023,
          117.26872918620204
        ],
        [
          0.0,
          0.0,
          0.0,
          1.0
        ]
      ]
    }
  ]
}