{
  "w_lidar": 1030,
  "h_lidar": 66,
  "num_frames": 51,
  "num_frames_split": 47,
  "frames": [
    {
      "frame_id": 2350,
      "lidar_file_path": "train/0000002350.npy",
      "lidar2world": [
        [
          0.8843383852561146,
          0.46681958570232546,
          0.005009468979890706,
          972.1593378479815
        ],
        [
          -0.4666232286891909,
          0.8841964251522296,
          -0.021434650753514237,
          3662.750737817983
        ],
        [
          -0.014435469310191504,
          0.016617949840293647,
          0.9997577011077756,
          116.12016084403955
        ],
        [
          0.0,
          0.0,
          0.0,
          1.0
        ]
      ]
    },
    {
      "frame_id": 2351,
      "lidar_file_path": "train/0000002351.npy",
      "lidar2world": [
        [
          0.8838432332092727,
          0.4677832151151709,
          -5.370710844103957e-05,
          973.0195709300624
        ],
        [
          -0.4676381843054711,
          0.8835663372930826,
          -0.025001123989212122,
          3662.291577347982
        ],
        [
          -0.01164765234529455,
          0.022122189824598397,
          0.9996874216259377,
          116.1164222737775
        ],
        [
          0.0,
          0.0,
          0.0,
          1.0
        ]
      ]
    },
    {
      "frame_id": 2352,
      "lidar_file_path": "train/0000002352.npy",
      "lidar2world": [
        [
          0.8836658309695047,
          0.46810952415435786,
          -0.002858801437136803,
          973.8822542391782
        ],
        [
          -0.46800846569924837,
          0.883309853278112,
          -0.027051416756232172,
          3661.8312523358013
        ],
        [
          -0.010137818263058818,
          0.025242355949520328,
          0.9996299556201527,
          116.11001951614276
        ],
        [
          0.0,
          0.0,
          0.0,
          1.0
        ]
      ]
    },
    {
      "frame_id": 2353,
      "lidar_file_path": "train/0000002353.npy",
      "lidar2world": [
        [
          0.8832127448269826,
          0.46895687874746894,
          -0.003833182522665685,
          974.7522073643026
        ],
        [
          -0.4688529508082993,
          0.8827734416712938,
          -0.02979868022225121,
          3661.370238232504
        ],
        [
          -0.01059046431455013,
          0.02811577308412548,
          0.9995485708528682,
          116.11149037821897
        ],
        [
          0.0,
          0.0,
          0.0,
          1.0
        ]
      ]
    },
    {
      "frame_id": 2354,
      "lidar_file_path": "train/0000002354.npy",
      "lidar2world": [
        [
          0.882978855823305,
          0.469405494785089,
          -0.0026118155953751554,
          975.6250895839985
        ],
        [
          -0.4692848310476744,
          0.8825946602582129,
          -0.0282562044445349,
          3660.916545186307
        ],
        [
          -0.010958443094917425,
          0.026175316557865792,
          0.9995973016148982,
          116.11114847523147
        ],
        [
          0.0,
          0.0,
          0.0,
          1.0
        ]
      ]
    },
    {
      "frame_id": 2355,
      "lidar_file_path": "train/0000002355.npy",
      "lidar2world": [
        [
          0.8827226017055606,
          0.4698844883696919,
          -0.003062046825175865,
          976.5012118102627
        ],
        [
          -0.469811820215247,
          0.8824263968492777,
          -0.024505261657865412,
          3660.4653029355845
        ],
        [
          -0.008812611365455891,
          0.0230699341350647,
          0.9996950115172499,
          116.11360012811699
        ],
        [
          0.0,
          0.0,
          0.0,
          1.0
        ]
      ]
    },
    {
      "frame_id": 2356,
      "lidar_file_path": "train/0000002356.npy",
      "lidar2world": [
        [
          0.8823663064176209,
          0.4705542436405337,
          -0.0028991732941712023,
          977.3780233030532
        ],
        [
          -0.4704718187570382,
          0.8820568611410455,
          -0.02513884220136313,
          3660.0044709317576
        ],
        [
          -0.009271953129778089,
          0.02354564670998394,
          0.9996797654306664,
          116.11196042106302
        ],
        [
          0.0,
          0.0,
          0.0,
          1.0
        ]
      ]
    },
    {
      "frame_id": 2357,
      "lidar_file_path": "train/0000002357.npy",
      "lidar2world": [
        [
          0.8822802863479473,
          0.47072436061412837,
          -0.00026989642498061574,
          978.2609938085999
        ],
        [
          -0.47060770381301237,
          0.8820485778247227,
          -0.022774887819602924,
          3659.5475752848133
        ],
        [
          -0.01048263259802566,
          0.0202208498476579,
          0.9997405821578971,
          116.115976361898
        ],
        [
          0.0,
          0.0,
          0.0,
          1.0
        ]
      ]
    },
    {
      "frame_id": 2358,
      "lidar_file_path": "train/0000002358.npy",
      "lidar2world": [
        [
          0.882151712299085,
          0.470959238078166,
          0.002398469622610368,
          979.1434691605713
        ],
        [
          -0.4707957774626437,
          0.8819593106386595,
          -0.022340778303472128,
          3659.0887911879145
        ],
        [
          -0.012636948484155395,
          0.018578766506149542,
          0.9997475366159746,
          116.11688211160283
        ],
        [
          0.0,
          0.0,
          0.0,
          1.0
        ]
      ]
    },
    {
      "frame_id": 2359,
      "lidar_file_path": "train/0000002359.npy",
      "lidar2world": [
        [
          0.8823314011481566,
          0.4706260310829816,
          0.001561233111497272,
          980.0209814683127
        ],
        [
          -0.47048861377288503,
          0.8821449748824612,
          -0.021464103303498912,
          3658.627865173563
        ],
        [
          -0.011478799645926116,
          0.018203909903119465,
          0.9997684005652029,
          116.11574605219889
        ],
        [
          0.0,
          0.0,
          0.0,
          1.0
        ]
      ]
    },
    {
      "frame_id": 2361,
      "lidar_file_path": "train/0000002361.npy",
      "lidar2world": [
        [
          0.8826547118036397,
          0.47002191060061405,
          -0.0002518536186717295,
          981.7785117467411
        ],
        [
          -0.4698781095517714,
          0.8823711578057146,
          -0.025213133352512615,
          3657.694022666376
        ],
        [
          -0.011628496681445078,
          0.022372831561584944,
          0.9996820666638062,
          116.11352855190768
        ],
        [
          0.0,
          0.0,
          0.0,
          1.0
        ]
      ]
    },
    {
      "frame_id": 2362,
      "lidar_file_path": "train/0000002362.npy",
      "lidar2world": [
        [
          0.8830254037068678,
          0.46930941365478723,
          0.0038484775069044658,
          982.6634123406242
        ],
        [
          -0.46911135750395944,
          0.8828409073389756,
          -0.02294486150511761,
          3657.2399441785456
        ],
        [
          -0.014165832815034156,
          0.018455531059946177,
          0.9997293246284013,
          116.11395179011102
        ],
        [
          0.0,
          0.0,
          0.0,
          1.0
        ]
      ]
    },
    {
      "frame_id": 2363,
      "lidar_file_path": "train/0000002363.npy",
      "lidar2world": [
        [
          0.8835625087866704,
          0.4683001851276027,
          0.0034971102719922502,
          983.5427471085841
        ],
        [
          -0.46811104447330715,
          0.8833758111845679,
          -0.02278653920537942,
          3656.782694320006
        ],
        [
          -0.013760203100227644,
          0.0184962958428727,
          0.999734236630812,
          116.11344125520874
        ],
        [
          0.0,
          0.0,
          0.0,
          1.0
        ]
      ]
    },
    {
      "frame_id": 2364,
      "lidar_file_path": "train/0000002364.npy",
      "lidar2world": [
        [
          0.8844141856654648,
          0.46669150798857545,
          0.0032534181050427307,
          984.4198807283876
        ],
        [
          -0.4665180304544182,
          0.8842386360844298,
          -0.021976390715397677,
          3656.325656779011
        ],
        [
          -0.013132992886666386,
          0.017918453470167985,
          0.9997531963400323,
          116.10964684284076
        ],
        [
          0.0,
          0.0,
          0.0,
          1.0
        ]
      ]
    },
    {
      "frame_id": 2365,
      "lidar_file_path": "train/0000002365.npy",
      "lidar2world": [
        [
          0.8848276989982495,
          0.46588831147512866,
          0.005293798890328193,
          985.3058041159405
        ],
        [
          -0.46571903851651303,
          0.8847243604266715,
          -0.019198522447145268,
          3655.873343969685
        ],
        [
          -0.01362792007607018,
          0.014521961517328527,
          0.9998016765170293,
          116.10845920060571
        ],
        [
          0.0,
          0.0,
          0.0,
          1.0
        ]
      ]
    },
    {
      "frame_id": 2366,
      "lidar_file_path": "train/0000002366.npy",
      "lidar2world": [
        [
          0.8853235819104117,
          0.4649165834081766,
          0.007397689284178751,
          986.1920065861685
        ],
        [
          -0.4647640492864165,
          0.8852887778273225,
          -0.016067310899497186,
          3655.424795009754
        ],
        [
          -0.014019050534721056,
          0.01078658917733967,
          0.9998435456815619,
          116.10839519954938
        ],
        [
          0.0,
          0.0,
          0.0,
          1.0
        ]
      ]
    },
    {
      "frame_id": 2367,
      "lidar_file_path": "train/0000002367.npy",
      "lidar2world": [
        [
          0.8858346649382616,
          0.46392868141298954,
          0.008192987405355763,
          987.0765134238599
        ],
        [
          -0.4637941164228329,
          0.8858288667289514,
          -0.014220986376678289,
          3654.9748950325757
        ],
        [
          -0.01385510812148492,
          0.008797583352651999,
          0.9998653101905912,
          116.10615035744739
        ],
        [
          0.0,
          0.0,
          0.0,
          1.0
        ]
      ]
    },
    {
      "frame_id": 2368,
      "lidar_file_path": "train/0000002368.npy",
      "lidar2world": [
        [
          0.8864095791642275,
          0.4628533751136443,
          0.006694114793148941,
          987.9598867926787
        ],
        [
          -0.4627512846793594,
          0.8863974592198642,
          -0.012680414411600744,
          3654.5214584319006
        ],
        [
          -0.011802818951423492,
          0.008142330663395442,
          0.9998971927104916,
          116.10392540747176
        ],
        [
          0.0,
          0.0,
          0.0,
          1.0
        ]
      ]
    },
    {
      "frame_id": 2369,
      "lidar_file_path": "train/0000002369.npy",
      "lidar2world": [
        [
          0.8868708210037209,
          0.4619795055180338,
          0.005923125072026534,
          988.8440471489251
        ],
        [
          -0.46186502015773995,
          0.8868346310107567,
          -0.014319234530699462,
          3654.064046746975
        ],
        [
          -0.011868025261884881,
          0.009963626931103756,
          0.9998799308444511,
          116.10161902755023
        ],
        [
          0.0,
          0.0,
          0.0,
          1.0
        ]
      ]
    },
    {
      "frame_id": 2371,
      "lidar_file_path": "train/0000002371.npy",
      "lidar2world": [
        [
          0.8876986241207635,
          0.46038141481895684,
          0.00633290032394037,
          990.618504911118
        ],
        [
          -0.46027018643504225,
          0.8876728759565385,
          -0.013719360016203736,
          3653.1594565454984
        ],
        [
          -0.011937682218180517,
          0.009263811780080533,
          0.999885830293225,
          116.1041792503101
        ],
        [
          0.0,
          0.0,
          0.0,
          1.0
        ]
      ]
    },
    {
      "frame_id": 2372,
      "lidar_file_path": "train/0000002372.npy",
      "lidar2world": [
        [
          0.8882280773450978,
          0.4593712108068925,
          0.005382693060478647,
          991.5028627712816
        ],
        [
          -0.4592413144766168,
          0.8881655949639059,
          -0.01610251601805242,
          3652.704268582034
        ],
        [
          -0.012177754987059733,
          0.011830751841957782,
          0.9998558574725911,
          116.1040357867343
        ],
        [
          0.0,
          0.0,
          0.0,
          1.0
        ]
      ]
    },
    {
      "frame_id": 2373,
      "lidar_file_path": "train/0000002373.npy",
      "lidar2world": [
        [
          0.888685554918787,
          0.45848380289979057,
          0.005530562359831197,
          992.3894797161443
        ],
        [
          -0.4583322960075432,
          0.8886051136957287,
          -0.017676492315308216,
          3652.2498812738113
        ],
        [
          -0.013018871329037727,
          0.01317400806155874,
          0.9998284625140547,
          116.10654353015549
        ],
        [
          0.0,
          0.0,
          0.0,
          1.0
        ]
      ]
    },
    {
      "frame_id": 2374,
      "lidar_file_path": "train/0000002374.npy",
      "lidar2world": [
        [
          0.8890837826988014,
          0.4577027816213749,
          0.00617989074640042,
          993.2801053593276
        ],
        [
          -0.45752442924202913,
          0.8889939358133894,
          -0.019004704289548965,
          3651.795168992597
        ],
        [
          -0.01419239135812901,
          0.014069323338835864,
          0.9998002951123746,
          116.10451041628761
        ],
        [
          0.0,
          0.0,
          0.0,
          1.0
        ]
      ]
    },
    {
      "frame_id": 2375,
      "lidar_file_path": "train/0000002375.npy",
      "lidar2world": [
        [
          0.8893537208586852,
          0.4572001336420005,
          0.00424230052256287,
          994.1678529585038
        ],
        [
          -0.4570348989462819,
          0.889219625934361,
          -0.020188068473978166,
          3651.342706040156
        ],
        [
          -0.013002324462942885,
          0.016015454457189014,
          0.9997871997952928,
          116.1054751906311
        ],
        [
          0.0,
          0.0,
          0.0,
          1.0
        ]
      ]
    },
    {
      "frame_id": 2376,
      "lidar_file_path": "train/0000002376.npy",
      "lidar2world": [
        [
          0.8894492363522938,
          0.45701875812012527,
          0.0037297141722541986,
          995.0564434256736
        ],
        [
          -0.4568353157093717,
          0.8892736000440569,
          -0.022225180122255734,
          3650.8887394556746
        ],
        [
          -0.013474060543307164,
          0.01806430430026365,
          0.9997460330496826,
          116.10393495565569
        ],
        [
          0.0,
          0.0,
          0.0,
          1.0
        ]
      ]
    },
    {
      "frame_id": 2377,
      "lidar_file_path": "train/0000002377.npy",
      "lidar2world": [
        [
          0.8891577251697266,
          0.4575944185705616,
          0.002426508165339194,
          995.9467575592474
        ],
        [
          -0.45741489730658674,
          0.8889350595584805,
          -0.023792262526878105,
          3650.432661400914
        ],
        [
          -0.013044214644448143,
          0.020045153091883892,
          0.999713979226404,
          116.10307321155275
        ],
        [
          0.0,
          0.0,
          0.0,
          1.0
        ]
      ]
    },
    {
      "frame_id": 2378,
      "lidar_file_path": "train/0000002378.npy",
      "lidar2world": [
        [
          0.8888106357458192,
          0.45827238737921133,
          0.001439713892176213,
          996.8359657403461
        ],
        [
          -0.4580530674152766,
          0.8884741835044184,
          -0.028302167360907796,
          3649.9710899445017
        ],
        [
          -0.014249250411645886,
          0.02449580194876052,
          0.9995983766856743,
          116.10217425479323
        ],
        [
          0.0,
          0.0,
          0.0,
          1.0
        ]
      ]
    },
    {
      "frame_id": 2379,
      "lidar_file_path": "train/0000002379.npy",
      "lidar2world": [
        [
          0.8886671560203409,
          0.4585424280408874,
          0.00308668730356872,
          997.7332399502918
        ],
        [
          -0.4582262153439852,
          0.888268101329768,
          -0.03175713744301919,
          3649.5074979193955
        ],
        [
          -0.01730380077846898,
          0.02680712388834575,
          0.9994908487103809,
          116.09836755376065
        ],
        [
          0.0,
          0.0,
          0.0,
          1.0
        ]
      ]
    },
    {
      "frame_id": 2381,
      "lidar_file_path": "train/0000002381.npy",
      "lidar2world": [
        [
          0.8882457850183088,
          0.4593636609872546,
          -0.002110077694452096,
          999.5140480720664
        ],
        [
          -0.4590781647904994,
          0.8875117177419857,
          -0.039625617876335464,
          3648.5742252154523
        ],
        [
          -0.01632985014506707,
          0.03616597857783733,
          0.9992123688518022,
          116.09103235197517
        ],
        [
          0.0,
          0.0,
          0.0,
          1.0
        ]
      ]
    },
    {
      "frame_id": 2382,
      "lidar_file_path": "train/0000002382.npy",
      "lidar2world": [
        [
          0.8879628242061115,
          0.45984857828161374,
          -0.007829938465110351,
          1000.3994194261093
        ],
        [
          -0.4597996952944152,
          0.8872295029451157,
          -0.03752398326855895,
          3648.119341130825
        ],
        [
          -0.010308397881484292,
          0.03692010546060851,
          0.9992650513084886,
          116.08644287860925
        ],
        [
          0.0,
          0.0,
          0.0,
          1.0
        ]
      ]
    },
    {
      "frame_id": 2383,
      "lidar_file_path": "train/0000002383.npy",
      "lidar2world": [
        [
          0.887654417704296,
          0.4603407425899765,
          -0.0124914195908086,
          1001.2830563076931
        ],
        [
          -0.4604845492607824,
          0.8869921590679669,
          -0.03462498704654732,
          3647.6619722397345
        ],
        [
          -0.0048595009881709965,
          0.03648712836599703,
          0.9993223077659933,
          116.0849757118971
        ],
        [
          0.0,
          0.0,
          0.0,
          1.0
        ]
      ]
    },
    {
      "frame_id": 2384,
      "lidar_file_path": "train/0000002384.npy",
      "lidar2world": [
        [
          0.8869021800739461,
          0.4615671542438646,
          -0.018981180264510216,
          1002.1671454709015
        ],
        [
          -0.4619521147190634,
          0.8863374918475369,
          -0.03171899117551351,
          3647.2045740161525
        ],
        [
          0.002183287238670374,
          0.03690003874246699,
          0.9993165767075236,
          116.09492221101783
        ],
        [
          0.0,
          0.0,
          0.0,
          1.0
        ]
      ]
    },
    {
      "frame_id": 2385,
      "lidar_file_path": "train/0000002385.npy",
      "lidar2world": [
        [
          0.8862620867686346,
          0.46295595780821513,
          -0.01453598285657717,
          1003.0636454962503
        ],
        [
          -0.4631799921206226,
          0.8856854618087874,
          -0.032024329598074684,
          3646.7471417578713
        ],
        [
          -0.001951545456533602,
          0.03511472560521029,
          0.9993813824739799,
          116.0996548591643
        ],
        [
          0.0,
          0.0,
          0.0,
          1.0
        ]
      ]
    },
    {
      "frame_id": 2386,
      "lidar_file_path": "train/0000002386.npy",
      "lidar2world": [
        [
          0.8860059633809612,
          0.4636155607075173,
          -0.007351522959173391,
          1003.9682704139213
        ],
        [
          -0.4635778817884744,
          0.8853886987715389,
          -0.0343860388399271,
          3646.2849459559766
        ],
        [
          -0.009432947245030862,
          0.03387423888897833,
          0.9993815865378033,
          116.1088191463048
        ],
        [
          0.0,
          0.0,
          0.0,
          1.0
        ]
      ]
    },
    {
      "frame_id": 2387,
      "lidar_file_path": "train/0000002387.npy",
      "lidar2world": [
        [
          0.886634645536649,
          0.4624662458163305,
          0.001994186470120919,
          1004.8707586391325
        ],
        [
          -0.4620875101136812,
          0.8860675282664935,
          -0.03687096881966861,
          3645.823457556972
        ],
        [
          -0.01881856230358367,
          0.03176958976670784,
          0.9993180448767215,
          116.10738250814549
        ],
        [
          0.0,
          0.0,
          0.0,
          1.0
        ]
      ]
    },
    {
      "frame_id": 2388,
      "lidar_file_path": "train/0000002388.npy",
      "lidar2world": [
        [
          0.8879445793955518,
          0.4599364621313587,
          0.0035881477197977217,
          1005.7665741278539
        ],
        [
          -0.459526428867443,
          0.8874338875264782,
          -0.036007728699125635,
          3645.366104075305
        ],
        [
          -0.019745511232306837,
          0.030324018821206066,
          0.999345069888622,
          116.1056778442723
        ],
        [
          0.0,
          0.0,
          0.0,
          1.0
        ]
      ]
    },
    {
      "frame_id": 2389,
      "lidar_file_path": "train/0000002389.npy",
      "lidar2world": [
        [
          0.8895471720328556,
          0.4568386733838177,
          0.002062859112812174,
          1006.6576299696779
        ],
        [
          -0.4565373351626979,
          0.8891075282357537,
          -0.03258013027253852,
          3644.9178442010284
        ],
        [
          -0.016717966940290242,
          0.02803979054909708,
          0.9994669977858661,
          116.0969409204182
        ],
        [
          0.0,
          0.0,
          0.0,
          1.0
        ]
      ]
    },
    {
      "frame_id": 2391,
      "lidar_file_path": "train/0000002391.npy",
      "lidar2world": [
        [
          0.8922515612570779,
          0.45153296549516075,
          -0.0022655166494725087,
          1008.440956419742
        ],
        [
          -0.4513744411120905,
          0.891780556180129,
          -0.03144127274308831,
          3644.020704471845
        ],
        [
          -0.012176427364950112,
          0.02907612096148337,
          0.9995030333862605,
          116.09212790695217
        ],
        [
          0.0,
          0.0,
          0.0,
          1.0
        ]
      ]
    },
    {
      "frame_id": 2392,
      "lidar_file_path": "train/0000002392.npy",
      "lidar2world": [
        [
          0.8929535669715469,
          0.4501392026174046,
          -0.0029369318555157826,
          1009.3344719081358
        ],
        [
          -0.4499916753799057,
          0.8924505551463056,
          -0.03224125998659059,
          3643.5729685281226
        ],
        [
          -0.01189198852490808,
          0.030111543021078758,
          0.9994758004568762,
          116.08861474974566
        ],
        [
          0.0,
          0.0,
          0.0,
          1.0
        ]
      ]
    },
    {
      "frame_id": 2393,
      "lidar_file_path": "train/0000002393.npy",
      "lidar2world": [
        [
          0.8930728862866459,
          0.44988256347230837,
          -0.0051477115091915614,
          1010.2264736599601
        ],
        [
          -0.4497892656779924,
          0.8925035423356016,
          -0.03357146607022957,
          3643.125148587273
        ],
        [
          -0.010508866368443899,
          0.032297151450843706,
          0.9994230624289916,
          116.08984756050108
        ],
        [
          0.0,
          0.0,
          0.0,
          1.0
        ]
      ]
    },
    {
      "frame_id": 2394,
      "lidar_file_path": "train/0000002394.npy",
      "lidar2world": [
        [
          0.8926339798267087,
          0.45076192387183006,
          -0.004273895518448606,
          1011.1216224618508
        ],
        [
          -0.45066178757994374,
          0.8921363476966868,
          -0.031570403305913576,
          3642.686262525454
        ],
        [
          -0.010417838173882244,
          0.030106896087322088,
          0.9994923929172527,
          116.0890351172434
        ],
        [
          0.0,
          0.0,
          0.0,
          1.0
        ]
      ]
    },
    {
      "frame_id": 2395,
      "lidar_file_path": "train/0000002395.npy",
      "lidar2world": [
        [
          0.8917616282675369,
          0.4524959560789457,
          -0.002933951339045656,
          1012.0175217244491
        ],
        [
          -0.45239931896052116,
          0.891393266824316,
          -0.027439025161151223,
          3642.2510017288128
        ],
        [
          -0.009800743371283971,
          0.025796387384790752,
          0.9996191733792982,
          116.09163223060014
        ],
        [
          0.0,
          0.0,
          0.0,
          1.0
        ]
      ]
    },
    {
      "frame_id": 2396,
      "lidar_file_path": "train/0000002396.npy",
      "lidar2world": [
        [
          0.8905752979776572,
          0.4548323611066953,
          -0.00177820793356739,
          1012.9118540805962
        ],
        [
          -0.4547295183310895,
          0.8902757927362045,
          -0.025101357354329498,
          3641.811653379129
        ],
        [
          -0.009833814058652026,
          0.023163252469326892,
          0.9996833297496706,
          116.09329606770332
        ],
        [
          0.0,
          0.0,
          0.0,
          1.0
        ]
      ]
    },
    {
      "frame_id": 2397,
      "lidar_file_path": "train/0000002397.npy",
      "lidar2world": [
        [
          0.8890991679021655,
          0.45771109142627436,
          0.0017962562061297697,
          1013.8069190710684
        ],
        [
          -0.45757597414624146,
          0.8889195991003145,
          -0.02112283946755125,
          3641.3726162622206
        ],
        [
          -0.011264885288893313,
          0.01795837534347745,
          0.9997752743030928,
          116.09591251271256
        ],
        [
          0.0,
          0.0,
          0.0,
          1.0
        ]
      ]
    },
    {
      "frame_id": 2398,
      "lidar_file_path": "train/0000002398.npy",
      "lidar2world": [
        [
          0.8873767353248502,
          0.4610215726306287,
          0.004651797094141139,
          1014.6982814934629
        ],
        [
          -0.4608176580067466,
          0.8872107874593645,
          -0.022452277089397846,
          3640.9212901327687
        ],
        [
          -0.01447810856902306,
          0.017779998114689992,
          0.9997370934570706,
          116.09552001920237
        ],
        [
          0.0,
          0.0,
          0.0,
          1.0
        ]
      ]
    },
    {
      "frame_id": 2399,
      "lidar_file_path": "train/0000002399.npy",
      "lidar2world": [
        [
          0.8859959616521395,
          0.4636306159120796,
          0.007603161216751252,
          1015.5878888177843
        ],
        [
          -0.4633684257330984,
          0.8858702007013716,
          -0.022884265396624776,
          3640.466078560076
        ],
        [
          -0.01734526003932166,
          0.01675230193184843,
          0.9997092088766918,
          116.09563182927023
        ],
        [
          0.0,
          0.0,
          0.0,
          1.0
        ]
      ]
    },
    {
      "frame_id": 2400,
      "lidar_file_path": "train/0000002400.npy",
      "lidar2world": [
        [
          0.884492011326838,
          0.46648512728097963,
          0.008093701435394894,
          1016.4690588103467
        ],
        [
          -0.46620991869768835,
          0.8843715877457269,
          -0.023134531200715736,
          3640.010437997044
        ],
        [
          -0.017949754247935143,
          0.016688944168713006,
          0.999699597664722,
          116.09380316360667
        ],
        [
          0.0,
          0.0,
          0.0,
          1.0
        ]
      ]
    }
  ]
}