{
  "w_lidar": 1030,
  "h_lidar": 66,
  "num_frames": 64,
  "num_frames_split": 60,
  "frames": [
    {
      "frame_id": 1538,
      "lidar_file_path": "train/0000001538.npy",
      "lidar2world": [
        [
          -0.6305965472745249,
          0.7761065213909621,
          0.0025811000889092934,
          1170.8556224904032
        ],
        [
          -0.7760606685033222,
          -0.6305145129250849,
          -0.013464317793873038,
          4014.0678651437474
        ],
        [
          -0.008822323785376592,
          -0.010493642585963409,
          0.9999060206642928,
          116.18953372724175
        ],
        [
          0.0,
          0.0,
          0.0,
          1.0
        ]
      ]
    },
    {
      "frame_id": 1539,
      "lidar_file_path": "train/0000001539.npy",
      "lidar2world": [
        [
          -0.6324541528101254,
          0.774591369572537,
          0.0031551406839937972,
          1170.3195127577292
        ],
        [
          -0.7745523708550975,
          -0.6323677054536877,
          -0.013405596250209283,
          4013.405052715937
        ],
        [
          -0.008388649998487816,
          -0.010922246714099916,
          0.9999051630171459,
          116.19324496907879
        ],
        [
          0.0,
          0.0,
          0.0,
          1.0
        ]
      ]
    },
    {
      "frame_id": 1540,
      "lidar_file_path": "train/0000001540.npy",
      "lidar2world": [
        [
          -0.6352098031749144,
          0.7723377401108795,
          0.0017091425694987857,
          1169.780718262154
        ],
        [
          -0.7722203732808411,
          -0.6350712772498623,
          -0.018978090202024653,
          4012.7318445792466
        ],
        [
          -0.013572067862503631,
          -0.01337490360368833,
          0.9998184390204156,
          116.18958770517168
        ],
        [
          0.0,
          0.0,
          0.0,
          1.0
        ]
      ]
    },
    {
      "frame_id": 1541,
      "lidar_file_path": "train/0000001541.npy",
      "lidar2world": [
        [
          -0.6386912026793599,
          0.7694631262125702,
          -0.0002122441989766892,
          1169.236117523948
        ],
        [
          -0.769248367946107,
          -0.6385194113633337,
          -0.023450157467639936,
          4012.0604073472837
        ],
        [
          -0.01817955344777164,
          -0.014814140827731706,
          0.9997249847068087,
          116.19071131136525
        ],
        [
          0.0,
          0.0,
          0.0,
          1.0
        ]
      ]
    },
    {
      "frame_id": 1542,
      "lidar_file_path": "train/0000001542.npy",
      "lidar2world": [
        [
          -0.6426964042943735,
          0.7661179887672619,
          -0.0021352534139266223,
          1168.6876817754642
        ],
        [
          -0.7658940964912271,
          -0.6425714124844063,
          -0.022543577326123998,
          4011.402352541182
        ],
        [
          -0.018643092853695278,
          -0.012853298065680066,
          0.9997435810968157,
          116.19273814521398
        ],
        [
          0.0,
          0.0,
          0.0,
          1.0
        ]
      ]
    },
    {
      "frame_id": 1543,
      "lidar_file_path": "train/0000001543.npy",
      "lidar2world": [
        [
          -0.6470095807641671,
          0.7624789980856289,
          0.0020928109050404597,
          1168.1458635871174
        ],
        [
          -0.7623877165579893,
          -0.6468841165414735,
          -0.01749027085560953,
          4010.754342550029
        ],
        [
          -0.011982158033828067,
          -0.01291190616984959,
          0.9998448432689384,
          116.18880198675986
        ],
        [
          0.0,
          0.0,
          0.0,
          1.0
        ]
      ]
    },
    {
      "frame_id": 1544,
      "lidar_file_path": "train/0000001544.npy",
      "lidar2world": [
        [
          -0.6516373482526665,
          0.7584190508069679,
          0.013011904867789728,
          1167.6106309924442
        ],
        [
          -0.7585306627107996,
          -0.6515412282579733,
          -0.01119204048809887,
          4010.1056555830587
        ],
        [
          -1.0464129949749768e-05,
          -0.01716308041721599,
          0.9998527034942064,
          116.18552476303745
        ],
        [
          0.0,
          0.0,
          0.0,
          1.0
        ]
      ]
    },
    {
      "frame_id": 1545,
      "lidar_file_path": "train/0000001545.npy",
      "lidar2world": [
        [
          -0.6564821101318237,
          0.7541349924976039,
          0.01765367573916569,
          1167.0614228984332
        ],
        [
          -0.7543287302963109,
          -0.6564277876713552,
          -0.009525036849223694,
          4009.4525412755256
        ],
        [
          0.004405199837239593,
          -0.01956969114480533,
          0.9997987905216452,
          116.18718110255674
        ],
        [
          0.0,
          0.0,
          0.0,
          1.0
        ]
      ]
    },
    {
      "frame_id": 1546,
      "lidar_file_path": "train/0000001546.npy",
      "lidar2world": [
        [
          -0.6613881788646305,
          0.7499489824693466,
          0.011924792691723366,
          1166.4868914602507
        ],
        [
          -0.7500422283389752,
          -0.6612708375344813,
          -0.012551306889152172,
          4008.795635454245
        ],
        [
          -0.0015273220784704797,
          -0.017245384135666546,
          0.9998501207515512,
          116.19596907101422
        ],
        [
          0.0,
          0.0,
          0.0,
          1.0
        ]
      ]
    },
    {
      "frame_id": 1547,
      "lidar_file_path": "train/0000001547.npy",
      "lidar2world": [
        [
          -0.6664337709011052,
          0.7455473471898928,
          0.005018176713584168,
          1165.9025310984375
        ],
        [
          -0.7455072521504477,
          -0.6662845266767906,
          -0.016848342558355073,
          4008.1383233461006
        ],
        [
          -0.009217703558505576,
          -0.014969391504364292,
          0.9998454637505624,
          116.20279189320681
        ],
        [
          0.0,
          0.0,
          0.0,
          1.0
        ]
      ]
    },
    {
      "frame_id": 1548,
      "lidar_file_path": "train/0000001548.npy",
      "lidar2world": [
        [
          -0.6721083307047578,
          0.740449430520585,
          -0.002243350614037888,
          1165.3121613795768
        ],
        [
          -0.7402721867350261,
          -0.6720081971413739,
          -0.020051746362642685,
          4007.4865990592825
        ],
        [
          -0.016354854150736495,
          -0.011816255696886132,
          0.9997964267451666,
          116.20633410790293
        ],
        [
          0.0,
          0.0,
          0.0,
          1.0
        ]
      ]
    },
    {
      "frame_id": 1549,
      "lidar_file_path": "train/0000001549.npy",
      "lidar2world": [
        [
          -0.6768893269504266,
          0.7360663696040686,
          -0.005209465429829623,
          1164.72235501534
        ],
        [
          -0.7358155297311987,
          -0.6768161757949023,
          -0.022256921213856244,
          4006.837484336245
        ],
        [
          -0.01990842160148057,
          -0.011232266881555165,
          0.9997387113220091,
          116.20358738597504
        ],
        [
          0.0,
          0.0,
          0.0,
          1.0
        ]
      ]
    },
    {
      "frame_id": 1550,
      "lidar_file_path": "train/0000001550.npy",
      "lidar2world": [
        [
          -0.6818155461847399,
          0.7314982342555518,
          -0.006155831533377271,
          1164.1317260096223
        ],
        [
          -0.7312372655020812,
          -0.6817596830785991,
          -0.022266478820838476,
          4006.1967714669877
        ],
        [
          -0.02048468768950283,
          -0.01068025798686271,
          0.9997331192790779,
          116.19501885753098
        ],
        [
          0.0,
          0.0,
          0.0,
          1.0
        ]
      ]
    },
    {
      "frame_id": 1552,
      "lidar_file_path": "train/0000001552.npy",
      "lidar2world": [
        [
          -0.6911669857719996,
          0.7226922890986872,
          0.0020132275318775167,
          1162.9481207341998
        ],
        [
          -0.7226197484881527,
          -0.691052021900697,
          -0.016364663793199362,
          4004.927300130588
        ],
        [
          -0.010435371250251296,
          -0.012765513278762058,
          0.9998640630929673,
          116.18378076768946
        ],
        [
          0.0,
          0.0,
          0.0,
          1.0
        ]
      ]
    },
    {
      "frame_id": 1553,
      "lidar_file_path": "train/0000001553.npy",
      "lidar2world": [
        [
          -0.6961052089566586,
          0.717935427894339,
          0.0025018857736057334,
          1162.3421768074113
        ],
        [
          -0.7178844484843083,
          -0.6960040598947838,
          -0.014841404028182846,
          4004.288305522168
        ],
        [
          -0.008913847116232054,
          -0.012127243593618175,
          0.9998867302871741,
          116.1809440624959
        ],
        [
          0.0,
          0.0,
          0.0,
          1.0
        ]
      ]
    },
    {
      "frame_id": 1554,
      "lidar_file_path": "train/0000001554.npy",
      "lidar2world": [
        [
          -0.6995645699035219,
          0.7145668714895166,
          -0.001897039966739683,
          1161.7193349004883
        ],
        [
          -0.7144554414283911,
          -0.6994979586218553,
          -0.01600087785562331,
          4003.648696808812
        ],
        [
          -0.012760672730846467,
          -0.009838296647801925,
          0.9998701781241682,
          116.17946620307917
        ],
        [
          0.0,
          0.0,
          0.0,
          1.0
        ]
      ]
    },
    {
      "frame_id": 1555,
      "lidar_file_path": "train/0000001555.npy",
      "lidar2world": [
        [
          -0.7019142184258608,
          0.7122318425516122,
          -0.006498642946678255,
          1161.0899363656943
        ],
        [
          -0.7121768415632708,
          -0.701942248135086,
          -0.0090125906099281,
          4003.0207935070594
        ],
        [
          -0.010980725998937117,
          -0.0016978825379395674,
          0.9999382685163608,
          116.18195949093332
        ],
        [
          0.0,
          0.0,
          0.0,
          1.0
        ]
      ]
    },
    {
      "frame_id": 1556,
      "lidar_file_path": "train/0000001556.npy",
      "lidar2world": [
        [
          -0.7028708995911251,
          0.7112100343813461,
          -0.012360643765798544,
          1160.454285598004
        ],
        [
          -0.7112341300185806,
          -0.7029484096378438,
          -0.0030896220406832495,
          4002.393401522579
        ],
        [
          -0.010886264962743208,
          0.006619706282367943,
          0.999918831065794,
          116.17714094681659
        ],
        [
          0.0,
          0.0,
          0.0,
          1.0
        ]
      ]
    },
    {
      "frame_id": 1557,
      "lidar_file_path": "train/0000001557.npy",
      "lidar2world": [
        [
          -0.7030052546087413,
          0.7109767595471953,
          -0.017194750090102417,
          1159.8153571386472
        ],
        [
          -0.7110880031890625,
          -0.7031028288244326,
          0.0005136385103519388,
          4001.75818989405
        ],
        [
          -0.01172449232323446,
          0.012588071068787187,
          0.9998520274486049,
          116.17063033976137
        ],
        [
          0.0,
          0.0,
          0.0,
          1.0
        ]
      ]
    },
    {
      "frame_id": 1558,
      "lidar_file_path": "train/0000001558.npy",
      "lidar2world": [
        [
          -0.7019801443737371,
          0.7118467932975653,
          -0.022316355392329856,
          1159.1739898296694
        ],
        [
          -0.712001818712892,
          -0.702176265271777,
          -0.0013794004492684055,
          4001.1114883349037
        ],
        [
          -0.01665193684141394,
          0.014920973882210904,
          0.9997500074890087,
          116.17024773540146
        ],
        [
          0.0,
          0.0,
          0.0,
          1.0
        ]
      ]
    },
    {
      "frame_id": 1559,
      "lidar_file_path": "train/0000001559.npy",
      "lidar2world": [
        [
          -0.7014010215087748,
          0.712300570481756,
          -0.02577798309535516,
          1158.530054230986
        ],
        [
          -0.71257435215209,
          -0.701593354592354,
          0.002134839805400915,
          4000.465958855828
        ],
        [
          -0.016565013999498345,
          0.019866108431326666,
          0.9996654130797322,
          116.16824895981252
        ],
        [
          0.0,
          0.0,
          0.0,
          1.0
        ]
      ]
    },
    {
      "frame_id": 1560,
      "lidar_file_path": "train/0000001560.npy",
      "lidar2world": [
        [
          -0.7000729247172767,
          0.7136488665840289,
          -0.024560035010706676,
          1157.8907202238179
        ],
        [
          -0.7139335349689703,
          -0.7001994003462206,
          0.0044393026938876826,
          3999.8155254904664
        ],
        [
          -0.014028818325875325,
          0.02064206822667611,
          0.9996885001163575,
          116.15627020912581
        ],
        [
          0.0,
          0.0,
          0.0,
          1.0
        ]
      ]
    },
    {
      "frame_id": 1561,
      "lidar_file_path": "train/0000001561.npy",
      "lidar2world": [
        [
          -0.6981608564630284,
          0.7156078138266777,
          -0.02183747620248981,
          1157.2522522290674
        ],
        [
          -0.7158569977218915,
          -0.6982212445651795,
          0.0059877014169423615,
          3999.1533370713564
        ],
        [
          -0.010962543824278316,
          0.019812888916326495,
          0.9997436031986376,
          116.15184754555457
        ],
        [
          0.0,
          0.0,
          0.0,
          1.0
        ]
      ]
    },
    {
      "frame_id": 1562,
      "lidar_file_path": "train/0000001562.npy",
      "lidar2world": [
        [
          -0.6951681408864051,
          0.7186366215310451,
          -0.017397189642375906,
          1156.6139672582858
        ],
        [
          -0.7188107782126799,
          -0.6951728676501553,
          0.0067638152510861105,
          3998.481204696384
        ],
        [
          -0.007233328769577823,
          0.017207276275093334,
          0.9998257791295097,
          116.15103261685448
        ],
        [
          0.0,
          0.0,
          0.0,
          1.0
        ]
      ]
    },
    {
      "frame_id": 1563,
      "lidar_file_path": "train/0000001563.npy",
      "lidar2world": [
        [
          -0.6923042403915669,
          0.7213906598378107,
          -0.017616884328368308,
          1155.96512522219
        ],
        [
          -0.7215909064303587,
          -0.692240190755613,
          0.010492004115807039,
          3997.8078250408075
        ],
        [
          -0.004626281530319251,
          0.019975842416782585,
          0.9997897595438675,
          116.15090123637538
        ],
        [
          0.0,
          0.0,
          0.0,
          1.0
        ]
      ]
    },
    {
      "frame_id": 1565,
      "lidar_file_path": "train/0000001565.npy",
      "lidar2world": [
        [
          -0.6868715536395079,
          0.7266219858197897,
          -0.015098293969259897,
          1154.6711084656297
        ],
        [
          -0.7267785863241432,
          -0.686740129621261,
          0.013449201346080188,
          3996.431625208617
        ],
        [
          -0.0005961188800057498,
          0.0202109905046079,
          0.9997955593812614,
          116.15977594828749
        ],
        [
          0.0,
          0.0,
          0.0,
          1.0
        ]
      ]
    },
    {
      "frame_id": 1566,
      "lidar_file_path": "train/0000001566.npy",
      "lidar2world": [
        [
          -0.6845239139674105,
          0.7287986370260435,
          -0.01671998550908068,
          1154.0146848265636
        ],
        [
          -0.7289894811890631,
          -0.6843794977966339,
          0.014108130265812853,
          3995.7292835763456
        ],
        [
          -0.001160829106714942,
          0.02184604607503862,
          0.999760672746189,
          116.16564710741945
        ],
        [
          0.0,
          0.0,
          0.0,
          1.0
        ]
      ]
    },
    {
      "frame_id": 1567,
      "lidar_file_path": "train/0000001567.npy",
      "lidar2world": [
        [
          -0.6817496048867908,
          0.7313563125663806,
          -0.018314481723968448,
          1153.356696098897
        ],
        [
          -0.7315736610656614,
          -0.6816677942292526,
          0.011357676716665328,
          3995.017176202421
        ],
        [
          -0.004177883752989028,
          0.021141484009345176,
          0.9997677645682544,
          116.17151984284055
        ],
        [
          0.0,
          0.0,
          0.0,
          1.0
        ]
      ]
    },
    {
      "frame_id": 1568,
      "lidar_file_path": "train/0000001568.npy",
      "lidar2world": [
        [
          -0.6793983102742155,
          0.7334385394146787,
          -0.022041890654983597,
          1152.6958303347978
        ],
        [
          -0.7337239980065082,
          -0.6793846091532085,
          0.00925460424100359,
          3994.3009173870137
        ],
        [
          -0.008187237799947473,
          0.022460226610556626,
          0.9997142128109777,
          116.17771826754284
        ],
        [
          0.0,
          0.0,
          0.0,
          1.0
        ]
      ]
    },
    {
      "frame_id": 1569,
      "lidar_file_path": "train/0000001569.npy",
      "lidar2world": [
        [
          -0.6773223481180362,
          0.7352406066870525,
          -0.025606387154149608,
          1152.0330717019654
        ],
        [
          -0.7356343891068862,
          -0.6772778734947755,
          0.011693068578574623,
          3993.5911714831464
        ],
        [
          -0.008745420540351566,
          0.026756915640562047,
          0.9996037140594007,
          116.17846009543972
        ],
        [
          0.0,
          0.0,
          0.0,
          1.0
        ]
      ]
    },
    {
      "frame_id": 1570,
      "lidar_file_path": "train/0000001570.npy",
      "lidar2world": [
        [
          -0.675298356045247,
          0.7370222543909352,
          -0.02775476517239213,
          1151.373990747709
        ],
        [
          -0.7374665370428469,
          -0.6752962729235298,
          0.010865112368202845,
          3992.8732206346917
        ],
        [
          -0.010734859886153934,
          0.02780540304131989,
          0.9995557124927037,
          116.17934173546213
        ],
        [
          0.0,
          0.0,
          0.0,
          1.0
        ]
      ]
    },
    {
      "frame_id": 1571,
      "lidar_file_path": "train/0000001571.npy",
      "lidar2world": [
        [
          -0.6736024291500303,
          0.7385152399054833,
          -0.029240519221770785,
          1150.7201346049249
        ],
        [
          -0.7389995557135461,
          -0.673621213872143,
          0.010682558140610025,
          3992.1528205715695
        ],
        [
          -0.011807802052651955,
          0.028804527815206232,
          0.9995153200508536,
          116.18312756553188
        ],
        [
          0.0,
          0.0,
          0.0,
          1.0
        ]
      ]
    },
    {
      "frame_id": 1572,
      "lidar_file_path": "train/0000001572.npy",
      "lidar2world": [
        [
          -0.6720550889360127,
          0.7401341986369329,
          -0.02330934446453221,
          1150.0809608773689
        ],
        [
          -0.7404545761487039,
          -0.6720328508669348,
          0.009943242911952655,
          3991.4316402535796
        ],
        [
          -0.00830531102820021,
          0.023941917815982778,
          0.9996788516276871,
          116.18423125894951
        ],
        [
          0.0,
          0.0,
          0.0,
          1.0
        ]
      ]
    },
    {
      "frame_id": 1573,
      "lidar_file_path": "train/0000001573.npy",
      "lidar2world": [
        [
          -0.6716112477250975,
          0.7406587047989414,
          -0.019052954415871112,
          1149.4434751779509
        ],
        [
          -0.740878054879032,
          -0.6715799496204008,
          0.00894870165597825,
          3990.707001592994
        ],
        [
          -0.006167648275839958,
          0.020125964483273272,
          0.9997784283219541,
          116.1871898023899
        ],
        [
          0.0,
          0.0,
          0.0,
          1.0
        ]
      ]
    },
    {
      "frame_id": 1574,
      "lidar_file_path": "train/0000001574.npy",
      "lidar2world": [
        [
          -0.6716225630275465,
          0.7406311873537391,
          -0.01971236058220982,
          1148.792320563208
        ],
        [
          -0.7408778679138904,
          -0.6715433288525605,
          0.011381668493912542,
          3989.9888537943593
        ],
        [
          -0.004808085498024356,
          0.022248637068747825,
          0.9997409066999597,
          116.19029781327212
        ],
        [
          0.0,
          0.0,
          0.0,
          1.0
        ]
      ]
    },
    {
      "frame_id": 1575,
      "lidar_file_path": "train/0000001575.npy",
      "lidar2world": [
        [
          -0.6718222909886791,
          0.7404924861356781,
          -0.018046808553383527,
          1148.1493978007506
        ],
        [
          -0.7406670638462336,
          -0.671851244443992,
          0.005310929290549708,
          3989.259525231785
        ],
        [
          -0.008192067452433905,
          0.016934677369616277,
          0.999823037711337,
          116.19726695312232
        ],
        [
          0.0,
          0.0,
          0.0,
          1.0
        ]
      ]
    },
    {
      "frame_id": 1576,
      "lidar_file_path": "train/0000001576.npy",
      "lidar2world": [
        [
          -0.6723950748853896,
          0.7399363146218118,
          -0.01947083942060954,
          1147.5026281367468
        ],
        [
          -0.7401196779677574,
          -0.6724651703490389,
          0.003668380656264765,
          3988.5359302475276
        ],
        [
          -0.010379093182203881,
          0.016877352514611817,
          0.9998036954223533,
          116.20232678915423
        ],
        [
          0.0,
          0.0,
          0.0,
          1.0
        ]
      ]
    },
    {
      "frame_id": 1578,
      "lidar_file_path": "train/0000001578.npy",
      "lidar2world": [
        [
          -0.6723907550792149,
          0.7399127192150472,
          -0.02049000784919539,
          1146.214651887408
        ],
        [
          -0.7400631929748739,
          -0.6725372454854514,
          -0.0003520218855277689,
          3987.096817046483
        ],
        [
          -0.014040758871319354,
          0.014927204434025995,
          0.9997899958183369,
          116.20677743172322
        ],
        [
          0.0,
          0.0,
          0.0,
          1.0
        ]
      ]
    },
    {
      "frame_id": 1579,
      "lidar_file_path": "train/0000001579.npy",
      "lidar2world": [
        [
          -0.6719740615679527,
          0.7402352118923472,
          -0.02242078755334601,
          1145.5684762167625
        ],
        [
          -0.7403222792133148,
          -0.6722274754281069,
          -0.005757109219022386,
          3986.3724666648613
        ],
        [
          -0.019333484294273735,
          0.012729980514125789,
          0.9997320461442539,
          116.20593455909064
        ],
        [
          0.0,
          0.0,
          0.0,
          1.0
        ]
      ]
    },
    {
      "frame_id": 1580,
      "lidar_file_path": "train/0000001580.npy",
      "lidar2world": [
        [
          -0.6720017576440701,
          0.7402266114428023,
          -0.021867820200640018,
          1144.9274379697342
        ],
        [
          -0.7402323128287993,
          -0.6722852046452468,
          -0.009419487022736176,
          3985.6490857411754
        ],
        [
          -0.021673966921368283,
          0.009857355269692274,
          0.9997164956661333,
          116.20327847397284
        ],
        [
          0.0,
          0.0,
          0.0,
          1.0
        ]
      ]
    },
    {
      "frame_id": 1581,
      "lidar_file_path": "train/0000001581.npy",
      "lidar2world": [
        [
          -0.6720917138081164,
          0.7402816585463128,
          -0.016607058467213266,
          1144.2908617449293
        ],
        [
          -0.7402646378971015,
          -0.6722636865571499,
          -0.008354744545353196,
          3984.9308236461175
        ],
        [
          -0.017349186494638208,
          0.006678463522094036,
          0.9998271870026364,
          116.19909166091283
        ],
        [
          0.0,
          0.0,
          0.0,
          1.0
        ]
      ]
    },
    {
      "frame_id": 1582,
      "lidar_file_path": "train/0000001582.npy",
      "lidar2world": [
        [
          -0.6723694367877342,
          0.7401310936428096,
          -0.011193961559363506,
          1143.6538625224848
        ],
        [
          -0.7401392192933913,
          -0.6724404902073517,
          -0.004209897572296169,
          3984.2175205993976
        ],
        [
          -0.010643149024930049,
          0.005454483533429853,
          0.9999284834233741,
          116.18943114395762
        ],
        [
          0.0,
          0.0,
          0.0,
          1.0
        ]
      ]
    },
    {
      "frame_id": 1583,
      "lidar_file_path": "train/0000001583.npy",
      "lidar2world": [
        [
          -0.6724033293342623,
          0.7401549874044243,
          -0.0066601309476829965,
          1143.0145522915566
        ],
        [
          -0.7401550180605474,
          -0.6724298388351355,
          -0.0029429659107780724,
          3983.498356876745
        ],
        [
          -0.00665672162902268,
          0.0029506692319328123,
          0.9999734904349971,
          116.18644229196826
        ],
        [
          0.0,
          0.0,
          0.0,
          1.0
        ]
      ]
    },
    {
      "frame_id": 1584,
      "lidar_file_path": "train/0000001584.npy",
      "lidar2world": [
        [
          -0.6726933030090899,
          0.7398992693748022,
          -0.005726362040456408,
          1142.3691931135008
        ],
        [
          -0.739893736132811,
          -0.6727149381787353,
          -0.0034454772307844603,
          3982.7737152563786
        ],
        [
          -0.006401515348713696,
          0.0019191498750405851,
          0.9999776685397407,
          116.19141425277968
        ],
        [
          0.0,
          0.0,
          0.0,
          1.0
        ]
      ]
    },
    {
      "frame_id": 1585,
      "lidar_file_path": "train/0000001585.npy",
      "lidar2world": [
        [
          -0.6726519713718104,
          0.7399360835524595,
          -0.005823897455264567,
          1141.7200905133147
        ],
        [
          -0.7399132474048088,
          -0.6726770697345855,
          -0.005826338513672169,
          3982.0445291418187
        ],
        [
          -0.008228720304812356,
          0.0003900807264384778,
          0.9999660674351988,
          116.19504555534293
        ],
        [
          0.0,
          0.0,
          0.0,
          1.0
        ]
      ]
    },
    {
      "frame_id": 1586,
      "lidar_file_path": "train/0000001586.npy",
      "lidar2world": [
        [
          -0.6724030190668709,
          0.7401482500146898,
          -0.007399184851886648,
          1141.0678462222072
        ],
        [
          -0.740105519422172,
          -0.6724437164258887,
          -0.007954146215001318,
          3981.3173994722515
        ],
        [
          -0.0108627827411201,
          0.00012778565368342813,
          0.9999409901056443,
          116.20028349977719
        ],
        [
          0.0,
          0.0,
          0.0,
          1.0
        ]
      ]
    },
    {
      "frame_id": 1587,
      "lidar_file_path": "train/0000001587.npy",
      "lidar2world": [
        [
          -0.6722063796462706,
          0.7403088593779089,
          -0.009020857408162272,
          1140.41702413406
        ],
        [
          -0.7402167914014522,
          -0.672265811692205,
          -0.011737985476580297,
          3980.5862154682272
        ],
        [
          -0.01475414866237623,
          -0.0012129585898618526,
          0.9998904159741203,
          116.20074839409347
        ],
        [
          0.0,
          0.0,
          0.0,
          1.0
        ]
      ]
    },
    {
      "frame_id": 1588,
      "lidar_file_path": "train/0000001588.npy",
      "lidar2world": [
        [
          -0.6719963966975503,
          0.740412248266094,
          -0.014510187669616145,
          1139.7557162997875
        ],
        [
          -0.740354742528751,
          -0.6721412076108859,
          -0.010052482091171584,
          3979.8646386346045
        ],
        [
          -0.017195875844019298,
          0.003987454550486605,
          0.9998441889208306,
          116.19714829539689
        ],
        [
          0.0,
          0.0,
          0.0,
          1.0
        ]
      ]
    },
    {
      "frame_id": 1589,
      "lidar_file_path": "train/0000001589.npy",
      "lidar2world": [
        [
          -0.6715492642237362,
          0.7407190034847093,
          -0.018892954174829373,
          1139.0956325917641
        ],
        [
          -0.7406620173118773,
          -0.6717839780523789,
          -0.011227782203139474,
          3979.1376546850993
        ],
        [
          -0.021008615541817568,
          0.006453284707368256,
          0.9997584674567529,
          116.1897587784143
        ],
        [
          0.0,
          0.0,
          0.0,
          1.0
        ]
      ]
    },
    {
      "frame_id": 1591,
      "lidar_file_path": "train/0000001591.npy",
      "lidar2world": [
        [
          -0.6710920709158548,
          0.7411802456702615,
          -0.01694921069135513,
          1137.792078413637
        ],
        [
          -0.7412580647134656,
          -0.6712160620174378,
          -0.002340877512470869,
          3977.696220896384
        ],
        [
          -0.013111594618479012,
          0.010992794828283435,
          0.9998536115925153,
          116.18021795148319
        ],
        [
          0.0,
          0.0,
          0.0,
          1.0
        ]
      ]
    },
    {
      "frame_id": 1592,
      "lidar_file_path": "train/0000001592.npy",
      "lidar2world": [
        [
          -0.6711963700632971,
          0.7411334162292764,
          -0.0147204693955093,
          1137.1440212959005
        ],
        [
          -0.7412054106421834,
          -0.6712777908078185,
          -0.0008166340594686009,
          3976.9692999540684
        ],
        [
          -0.010486758940672261,
          0.010362769820937114,
          0.9998913145289768,
          116.17445187057108
        ],
        [
          0.0,
          0.0,
          0.0,
          1.0
        ]
      ]
    },
    {
      "frame_id": 1593,
      "lidar_file_path": "train/0000001593.npy",
      "lidar2world": [
        [
          -0.6715330739168921,
          0.7408452042956272,
          -0.01384608159973029,
          1136.4924189714077
        ],
        [
          -0.740917139295112,
          -0.6715964436214837,
          9.819579489517909e-05,
          3976.2380002664777
        ],
        [
          -0.009226231176316562,
          0.010324740867804721,
          0.9999041336320592,
          116.17631454278276
        ],
        [
          0.0,
          0.0,
          0.0,
          1.0
        ]
      ]
    },
    {
      "frame_id": 1594,
      "lidar_file_path": "train/0000001594.npy",
      "lidar2world": [
        [
          -0.6711367544026342,
          0.7412044724008089,
          -0.013834267188220013,
          1135.8374191755495
        ],
        [
          -0.7412668885057143,
          -0.6712098140046296,
          -0.000886373582506752,
          3975.5055950039414
        ],
        [
          -0.009942679882827397,
          0.009660006290561364,
          0.9999039091177777,
          116.1795481272532
        ],
        [
          0.0,
          0.0,
          0.0,
          1.0
        ]
      ]
    },
    {
      "frame_id": 1595,
      "lidar_file_path": "train/0000001595.npy",
      "lidar2world": [
        [
          -0.6706094539696449,
          0.7416754162504154,
          -0.014161118948550752,
          1135.1842677047666
        ],
        [
          -0.7417438917843454,
          -0.6706829583289138,
          -0.0006070166591940476,
          3974.7728728966235
        ],
        [
          -0.00994783043445214,
          0.010096852353558778,
          0.9998995420623237,
          116.18185463911638
        ],
        [
          0.0,
          0.0,
          0.0,
          1.0
        ]
      ]
    },
    {
      "frame_id": 1596,
      "lidar_file_path": "train/0000001596.npy",
      "lidar2world": [
        [
          -0.6695240473399401,
          0.7426156720243853,
          -0.01610942979534378,
          1134.522593935301
        ],
        [
          -0.7427272695035786,
          -0.6695924077692191,
          0.0014868120334688656,
          3974.042086003084
        ],
        [
          -0.009682622000331388,
          0.012960369243185959,
          0.9998691292431827,
          116.18360448897957
        ],
        [
          0.0,
          0.0,
          0.0,
          1.0
        ]
      ]
    },
    {
      "frame_id": 1597,
      "lidar_file_path": "train/0000001597.npy",
      "lidar2world": [
        [
          -0.6684461382863344,
          0.7435123479972183,
          -0.01921324229198555,
          1133.8621948341113
        ],
        [
          -0.7436584087803757,
          -0.6685594092523265,
          0.0006982382012910435,
          3973.3044741251024
        ],
        [
          -0.012326045157407808,
          0.014754823768993982,
          0.999815164832356,
          116.18435708054356
        ],
        [
          0.0,
          0.0,
          0.0,
          1.0
        ]
      ]
    },
    {
      "frame_id": 1598,
      "lidar_file_path": "train/0000001598.npy",
      "lidar2world": [
        [
          -0.6675837329384247,
          0.7441648695672712,
          -0.0234650064663155,
          1133.1989213367717
        ],
        [
          -0.7443600953384962,
          -0.6677781624041982,
          -0.0006118925047867375,
          3972.5654613545794
        ],
        [
          -0.016124767720702197,
          0.01705792493172397,
          0.9997244715632565,
          116.18391904585667
        ],
        [
          0.0,
          0.0,
          0.0,
          1.0
        ]
      ]
    },
    {
      "frame_id": 1599,
      "lidar_file_path": "train/0000001599.npy",
      "lidar2world": [
        [
          -0.6665341945003296,
          0.7451246405045537,
          -0.022835012087723396,
          1132.5442478707905
        ],
        [
          -0.7452878805410098,
          -0.6667399604293218,
          -0.0019494701582748043,
          3971.8264084759294
        ],
        [
          -0.016677613162533182,
          0.015719269247736273,
          0.9997373464274593,
          116.18149096298458
        ],
        [
          0.0,
          0.0,
          0.0,
          1.0
        ]
      ]
    },
    {
      "frame_id": 1600,
      "lidar_file_path": "train/0000001600.npy",
      "lidar2world": [
        [
          -0.6657271154788476,
          0.7458554380066648,
          -0.02251828875144682,
          1131.8904928655547
        ],
        [
          -0.7460698807889744,
          -0.6658653230213814,
          0.0017620169844894766,
          3971.092386785319
        ],
        [
          -0.013679937584062177,
          0.017973239488898847,
          0.9997448784704976,
          116.17774909572164
        ],
        [
          0.0,
          0.0,
          0.0,
          1.0
        ]
      ]
    },
    {
      "frame_id": 1601,
      "lidar_file_path": "train/0000001601.npy",
      "lidar2world": [
        [
          -0.6649106654827603,
          0.7466157564394615,
          -0.021417732738179544,
          1131.2351313343713
        ],
        [
          -0.7468485033155668,
          -0.6649757454846477,
          0.004956929395228842,
          3970.3548655742898
        ],
        [
          -0.010541351113848015,
          0.01929171685487887,
          0.9997583255977746,
          116.1724455473311
        ],
        [
          0.0,
          0.0,
          0.0,
          1.0
        ]
      ]
    }
  ]
}