{
  "w_lidar": 1030,
  "h_lidar": 66,
  "num_frames": 52,
  "num_frames_split": 48,
  "frames": [
    {
      "frame_id": 480,
      "lidar_file_path": "train/0000000480.npy",
      "lidar2world": [
        [
          0.800371438337873,
          0.599495137525925,
          -0.0033377786496236817,
          1028.922626874647
        ],
        [
          -0.599480900087672,
          0.8002782943875247,
          -0.013315477676195347,
          3839.76943147729
        ],
        [
          -0.005311412218610151,
          0.012658262639422088,
          0.9999057742214442,
          115.85066973680993
        ],
        [
          0.0,
          0.0,
          0.0,
          1.0
        ]
      ]
    },
    {
      "frame_id": 481,
      "lidar_file_path": "train/0000000481.npy",
      "lidar2world": [
        [
          0.7860461626564234,
          0.6180917384921674,
          -0.009697063863952159,
          1029.397621816515
        ],
        [
          -0.6181674821417641,
          0.7859649714859899,
          -0.011314931823263494,
          3839.3861609630035
        ],
        [
          0.0006278867450680317,
          0.014888468338867004,
          0.9998889634581634,
          115.84636147706892
        ],
        [
          0.0,
          0.0,
          0.0,
          1.0
        ]
      ]
    },
    {
      "frame_id": 482,
      "lidar_file_path": "train/0000000482.npy",
      "lidar2world": [
        [
          0.7734159970382183,
          0.6337305796022862,
          -0.014603017466502732,
          1029.8783908678927
        ],
        [
          -0.6338745551189203,
          0.7733826693893643,
          -0.009071666522845495,
          3838.986613162897
        ],
        [
          0.005544728234735103,
          0.01627265313764062,
          0.9998522174253548,
          115.84484694822802
        ],
        [
          0.0,
          0.0,
          0.0,
          1.0
        ]
      ]
    },
    {
      "frame_id": 483,
      "lidar_file_path": "train/0000000483.npy",
      "lidar2world": [
        [
          0.762208354614477,
          0.647138055218444,
          -0.015835455137329334,
          1030.36824677682
        ],
        [
          -0.6473028393465293,
          0.7621774885114435,
          -0.0091929473246251,
          3838.570929752413
        ],
        [
          0.006120321425307925,
          0.017257276321619157,
          0.9998323500313755,
          115.84793992080476
        ],
        [
          0.0,
          0.0,
          0.0,
          1.0
        ]
      ]
    },
    {
      "frame_id": 484,
      "lidar_file_path": "train/0000000484.npy",
      "lidar2world": [
        [
          0.7529911762597299,
          0.6578607047654176,
          -0.014952646017763997,
          1030.8645657489799
        ],
        [
          -0.6580168607568402,
          0.7529279267070701,
          -0.010646507708784019,
          3838.14007645765
        ],
        [
          0.004254345828179647,
          0.017855819514243268,
          0.9998315209489883,
          115.85670403009844
        ],
        [
          0.0,
          0.0,
          0.0,
          1.0
        ]
      ]
    },
    {
      "frame_id": 485,
      "lidar_file_path": "train/0000000485.npy",
      "lidar2world": [
        [
          0.7464954409305877,
          0.6652259999335195,
          -0.01479613941555133,
          1031.364199236884
        ],
        [
          -0.6653863912000305,
          0.746384640144832,
          -0.013073612930943137,
          3837.692075695485
        ],
        [
          0.002346704031021397,
          0.019604542221003347,
          0.9998050584739696,
          115.86660323969134
        ],
        [
          0.0,
          0.0,
          0.0,
          1.0
        ]
      ]
    },
    {
      "frame_id": 486,
      "lidar_file_path": "train/0000000486.npy",
      "lidar2world": [
        [
          0.7423618585846323,
          0.6698361168613126,
          -0.014779972096823277,
          1031.8655333156396
        ],
        [
          -0.6699986572622137,
          0.7422076096467415,
          -0.015154654828105546,
          3837.232705591499
        ],
        [
          0.0008186726955462914,
          0.021152799154106998,
          0.9997759193826335,
          115.87269318449496
        ],
        [
          0.0,
          0.0,
          0.0,
          1.0
        ]
      ]
    },
    {
      "frame_id": 487,
      "lidar_file_path": "train/0000000487.npy",
      "lidar2world": [
        [
          0.7396357294094696,
          0.672804532766747,
          -0.016524183246798368,
          1032.3719119931952
        ],
        [
          -0.6730054832906923,
          0.7394695351697329,
          -0.015761533859321625,
          3836.7705785758826
        ],
        [
          0.0016146987847312454,
          0.02277865951602035,
          0.9997392286839867,
          115.87777249310967
        ],
        [
          0.0,
          0.0,
          0.0,
          1.0
        ]
      ]
    },
    {
      "frame_id": 488,
      "lidar_file_path": "train/0000000488.npy",
      "lidar2world": [
        [
          0.7377576012114089,
          0.674843229922129,
          -0.01733023341622399,
          1032.8884855545707
        ],
        [
          -0.6750588969871286,
          0.7376223955411539,
          -0.01444600822568842,
          3836.3016060635523
        ],
        [
          0.0030343775334636617,
          0.022356580613266085,
          0.9997454555542045,
          115.88332111209007
        ],
        [
          0.0,
          0.0,
          0.0,
          1.0
        ]
      ]
    },
    {
      "frame_id": 489,
      "lidar_file_path": "train/0000000489.npy",
      "lidar2world": [
        [
          0.7363450035316207,
          0.6763478443513388,
          -0.018698376683817547,
          1033.4129741467032
        ],
        [
          -0.6765984581477212,
          0.736188019245792,
          -0.015547564286607436,
          3835.8199852001303
        ],
        [
          0.0032499593055694827,
          0.024099664126200862,
          0.9997042782637646,
          115.88861719105196
        ],
        [
          0.0,
          0.0,
          0.0,
          1.0
        ]
      ]
    },
    {
      "frame_id": 491,
      "lidar_file_path": "train/0000000491.npy",
      "lidar2world": [
        [
          0.7367117757388365,
          0.6759894853718499,
          -0.017145702561198482,
          1034.4900961594622
        ],
        [
          -0.6762067652693567,
          0.7364593166502235,
          -0.01928951816643637,
          3834.8326721012863
        ],
        [
          -0.00041239903286969046,
          0.02580485525126274,
          0.9996669142026832,
          115.89805026157246
        ],
        [
          0.0,
          0.0,
          0.0,
          1.0
        ]
      ]
    },
    {
      "frame_id": 492,
      "lidar_file_path": "train/0000000492.npy",
      "lidar2world": [
        [
          0.7375028027218579,
          0.6751422052248449,
          -0.01651117039233037,
          1035.0438249868262
        ],
        [
          -0.6753434885766375,
          0.7372495732757745,
          -0.019345263809823494,
          3834.330957263394
        ],
        [
          -0.0008879507125156785,
          0.025417897631325487,
          0.9996765186649571,
          115.90459609874769
        ],
        [
          0.0,
          0.0,
          0.0,
          1.0
        ]
      ]
    },
    {
      "frame_id": 493,
      "lidar_file_path": "train/0000000493.npy",
      "lidar2world": [
        [
          0.7383672061732104,
          0.674195313285946,
          -0.016569504094023708,
          1035.6062710706096
        ],
        [
          -0.6743983699392682,
          0.7381130963492887,
          -0.01938803151855408,
          3833.824603169527
        ],
        [
          -0.0008411519620210736,
          0.025489933240116076,
          0.9996747249650033,
          115.91078777565376
        ],
        [
          0.0,
          0.0,
          0.0,
          1.0
        ]
      ]
    },
    {
      "frame_id": 494,
      "lidar_file_path": "train/0000000494.npy",
      "lidar2world": [
        [
          0.7401843305728519,
          0.6721717186064211,
          -0.0176730783221968,
          1036.1744778782743
        ],
        [
          -0.6724039948540266,
          0.7399347269441168,
          -0.019221538960075207,
          3833.311193048043
        ],
        [
          0.00015674960874810493,
          0.02611093041144947,
          0.9996590392321201,
          115.91370368390936
        ],
        [
          0.0,
          0.0,
          0.0,
          1.0
        ]
      ]
    },
    {
      "frame_id": 495,
      "lidar_file_path": "train/0000000495.npy",
      "lidar2world": [
        [
          0.7424084756787342,
          0.6696823139785788,
          -0.018848176662633408,
          1036.7526565005535
        ],
        [
          -0.669945103331686,
          0.7421872320277133,
          -0.01821184399058893,
          3832.793625174185
        ],
        [
          0.0017927263296610534,
          0.026147870984648176,
          0.9996564785378639,
          115.91753070323901
        ],
        [
          0.0,
          0.0,
          0.0,
          1.0
        ]
      ]
    },
    {
      "frame_id": 496,
      "lidar_file_path": "train/0000000496.npy",
      "lidar2world": [
        [
          0.7444137766707116,
          0.667476095592193,
          -0.017994193486713505,
          1037.3405922161735
        ],
        [
          -0.6677179220176547,
          0.7441810729997896,
          -0.01863618134883857,
          3832.272208550282
        ],
        [
          0.0009517327425952096,
          0.02588807562811863,
          0.9996643946121015,
          115.92131619108417
        ],
        [
          0.0,
          0.0,
          0.0,
          1.0
        ]
      ]
    },
    {
      "frame_id": 497,
      "lidar_file_path": "train/0000000497.npy",
      "lidar2world": [
        [
          0.7465160588216679,
          0.6651599022806175,
          -0.01661561084119115,
          1037.939773084956
        ],
        [
          -0.6653668433722576,
          0.7462503977915494,
          -0.019932575587658388,
          3831.748403721911
        ],
        [
          -0.0008589438160468114,
          0.025935464291047813,
          0.9996632502924983,
          115.92810775875013
        ],
        [
          0.0,
          0.0,
          0.0,
          1.0
        ]
      ]
    },
    {
      "frame_id": 498,
      "lidar_file_path": "train/0000000498.npy",
      "lidar2world": [
        [
          0.7487341691831174,
          0.6627320011493175,
          -0.013543951030798345,
          1038.544683493613
        ],
        [
          -0.6628568112772062,
          0.7484317920417,
          -0.021695633293306708,
          3831.219956523088
        ],
        [
          -0.004241666785682591,
          0.02522196211477226,
          0.9996728769647935,
          115.93509730203144
        ],
        [
          0.0,
          0.0,
          0.0,
          1.0
        ]
      ]
    },
    {
      "frame_id": 499,
      "lidar_file_path": "train/0000000499.npy",
      "lidar2world": [
        [
          0.7509593777526733,
          0.6602379750194329,
          -0.012075984586969431,
          1039.1543274123298
        ],
        [
          -0.6603156515286104,
          0.7506144264852355,
          -0.023690146894142568,
          3830.6876075331606
        ],
        [
          -0.006576726338728088,
          0.025764299628525087,
          0.9996464112902025,
          115.94054086634061
        ],
        [
          0.0,
          0.0,
          0.0,
          1.0
        ]
      ]
    },
    {
      "frame_id": 501,
      "lidar_file_path": "train/0000000501.npy",
      "lidar2world": [
        [
          0.7563314908508401,
          0.6540551695737215,
          -0.013210265389166233,
          1040.3863330759284
        ],
        [
          -0.6541635409274736,
          0.7559717310389488,
          -0.024016737272822237,
          3829.6239774984215
        ],
        [
          -0.005721683905364828,
          0.026806288741302284,
          0.9996242719927179,
          115.94729891559413
        ],
        [
          0.0,
          0.0,
          0.0,
          1.0
        ]
      ]
    },
    {
      "frame_id": 502,
      "lidar_file_path": "train/0000000502.npy",
      "lidar2world": [
        [
          0.7591951788790768,
          0.6507229893604044,
          -0.013500801505950922,
          1041.0124023219428
        ],
        [
          -0.6508416650315636,
          0.7588388607625842,
          -0.023847649879832285,
          3829.0907297179106
        ],
        [
          -0.005273281105087414,
          0.026891905003713697,
          0.9996244384326589,
          115.94691485521557
        ],
        [
          0.0,
          0.0,
          0.0,
          1.0
        ]
      ]
    },
    {
      "frame_id": 503,
      "lidar_file_path": "train/0000000503.npy",
      "lidar2world": [
        [
          0.7620337509631432,
          0.6474201643649721,
          -0.012316380901558538,
          1041.6507616236656
        ],
        [
          -0.6475143296053004,
          0.7617086360014894,
          -0.022916082832884883,
          3828.557299385565
        ],
        [
          -0.005454840328633328,
          0.025437861623035928,
          0.999661522671257,
          115.94973018832525
        ],
        [
          0.0,
          0.0,
          0.0,
          1.0
        ]
      ]
    },
    {
      "frame_id": 504,
      "lidar_file_path": "train/0000000504.npy",
      "lidar2world": [
        [
          0.7647321746315144,
          0.6442384471620947,
          -0.011896403730039673,
          1042.2945802090223
        ],
        [
          -0.6443191963643499,
          0.7643919140915849,
          -0.0236172584704005,
          3828.020578336642
        ],
        [
          -0.006121631062420459,
          0.025725958752621965,
          0.9996502891974539,
          115.95388251546284
        ],
        [
          0.0,
          0.0,
          0.0,
          1.0
        ]
      ]
    },
    {
      "frame_id": 505,
      "lidar_file_path": "train/0000000505.npy",
      "lidar2world": [
        [
          0.7675419729969788,
          0.6409072470438865,
          -0.01082684452501,
          1042.9456810708698
        ],
        [
          -0.6409641799393215,
          0.7672158974694689,
          -0.023338523402823903,
          3827.4831281487036
        ],
        [
          -0.006651301456506665,
          0.024852915774308263,
          0.9996689915887178,
          115.95798145172171
        ],
        [
          0.0,
          0.0,
          0.0,
          1.0
        ]
      ]
    },
    {
      "frame_id": 506,
      "lidar_file_path": "train/0000000506.npy",
      "lidar2world": [
        [
          0.7700039735866284,
          0.6379585781623371,
          -0.010135746719240907,
          1043.6048575572647
        ],
        [
          -0.638004456328151,
          0.7696994990831759,
          -0.022649391100998117,
          3826.9460680249954
        ],
        [
          -0.006647894214647317,
          0.023906772772381464,
          0.9996920885074413,
          115.95782106335895
        ],
        [
          0.0,
          0.0,
          0.0,
          1.0
        ]
      ]
    },
    {
      "frame_id": 507,
      "lidar_file_path": "train/0000000507.npy",
      "lidar2world": [
        [
          0.7726560901974352,
          0.6347774685984041,
          -0.007754460440537749,
          1044.2732807151285
        ],
        [
          -0.63478427196845,
          0.7724110050147744,
          -0.02074047851502557,
          3826.408625044752
        ],
        [
          -0.007175957819716927,
          0.020947666639210594,
          0.9997548203860073,
          115.95981209357151
        ],
        [
          0.0,
          0.0,
          0.0,
          1.0
        ]
      ]
    },
    {
      "frame_id": 508,
      "lidar_file_path": "train/0000000508.npy",
      "lidar2world": [
        [
          0.7748125694106603,
          0.6321477355834888,
          -0.007397483697061252,
          1044.9456323849374
        ],
        [
          -0.6321485041242418,
          0.7745717226379806,
          -0.020661928877653,
          3825.869211223009
        ],
        [
          -0.007331509848266429,
          0.020685430449141614,
          0.999759151985624,
          115.96321718036081
        ],
        [
          0.0,
          0.0,
          0.0,
          1.0
        ]
      ]
    },
    {
      "frame_id": 509,
      "lidar_file_path": "train/0000000509.npy",
      "lidar2world": [
        [
          0.7766851372244722,
          0.6298544206588622,
          -0.006603525675563213,
          1045.6222058973617
        ],
        [
          -0.6298412846692034,
          0.7764544920725216,
          -0.02045428578805605,
          3825.3275096957304
        ],
        [
          -0.007755885127274833,
          0.02004571290102876,
          0.9997689811998266,
          115.96432597676392
        ],
        [
          0.0,
          0.0,
          0.0,
          1.0
        ]
      ]
    },
    {
      "frame_id": 511,
      "lidar_file_path": "train/0000000511.npy",
      "lidar2world": [
        [
          0.7797557247469301,
          0.6260685891232617,
          -0.004373962046966545,
          1046.9942381818694
        ],
        [
          -0.6260187642342988,
          0.7795548668021652,
          -0.01986747615633763,
          3824.242564541005
        ],
        [
          -0.009028659299483105,
          0.018229960581839923,
          0.9997930544869298,
          115.96672099943676
        ],
        [
          0.0,
          0.0,
          0.0,
          1.0
        ]
      ]
    },
    {
      "frame_id": 512,
      "lidar_file_path": "train/0000000512.npy",
      "lidar2world": [
        [
          0.7815291644171534,
          0.6238568815239265,
          -0.003841429183443301,
          1047.6872412711532
        ],
        [
          -0.623795299778553,
          0.7813279348741462,
          -0.020151482859429547,
          3823.6947879115633
        ],
        [
          -0.009570225276575353,
          0.01814523702637964,
          0.9997895584179467,
          115.96702420740392
        ],
        [
          0.0,
          0.0,
          0.0,
          1.0
        ]
      ]
    },
    {
      "frame_id": 513,
      "lidar_file_path": "train/0000000513.npy",
      "lidar2world": [
        [
          0.7830819598938297,
          0.6219110658737476,
          -0.0030447269115114447,
          1048.3856447129626
        ],
        [
          -0.6218323106449627,
          0.7828825163366688,
          -0.02048275087769049,
          3823.145173215552
        ],
        [
          -0.010354785861164223,
          0.01793298224873362,
          0.9997855702809357,
          115.96670497129196
        ],
        [
          0.0,
          0.0,
          0.0,
          1.0
        ]
      ]
    },
    {
      "frame_id": 514,
      "lidar_file_path": "train/0000000514.npy",
      "lidar2world": [
        [
          0.7842649238347046,
          0.6204247306912403,
          -0.0012972339760058038,
          1049.0926001887012
        ],
        [
          -0.6203143582692483,
          0.784082297496544,
          -0.020616687555594693,
          3822.594545158544
        ],
        [
          -0.011773964641215051,
          0.016973637784626062,
          0.9997866119155546,
          115.96645559877855
        ],
        [
          0.0,
          0.0,
          0.0,
          1.0
        ]
      ]
    },
    {
      "frame_id": 515,
      "lidar_file_path": "train/0000000515.npy",
      "lidar2world": [
        [
          0.7851173703221908,
          0.619346627132898,
          -0.000685836186088547,
          1049.802823894227
        ],
        [
          -0.6192204589206659,
          0.7849340860668768,
          -0.021083258610247634,
          3822.0403057900276
        ],
        [
          -0.012519508776720006,
          0.01697751636300105,
          0.9997774881936554,
          115.96543303534594
        ],
        [
          0.0,
          0.0,
          0.0,
          1.0
        ]
      ]
    },
    {
      "frame_id": 516,
      "lidar_file_path": "train/0000000516.npy",
      "lidar2world": [
        [
          0.7858372044149384,
          0.6184333065321225,
          -0.0003656118881930591,
          1050.5159448342797
        ],
        [
          -0.6183029910479575,
          0.7856591983706623,
          -0.02100084076693521,
          3821.4859912024303
        ],
        [
          -0.01270037296014651,
          0.016729300896803967,
          0.9997793911496186,
          115.96292227602052
        ],
        [
          0.0,
          0.0,
          0.0,
          1.0
        ]
      ]
    },
    {
      "frame_id": 517,
      "lidar_file_path": "train/0000000517.npy",
      "lidar2world": [
        [
          0.7864075787667704,
          0.6177045054797633,
          -0.002064989452031843,
          1051.2323185577334
        ],
        [
          -0.6176095825561386,
          0.7862182842414845,
          -0.020474694125252116,
          3820.927869903502
        ],
        [
          -0.011023778223968392,
          0.01737681193086724,
          0.9997882389624129,
          115.9611302534246
        ],
        [
          0.0,
          0.0,
          0.0,
          1.0
        ]
      ]
    },
    {
      "frame_id": 518,
      "lidar_file_path": "train/0000000518.npy",
      "lidar2world": [
        [
          0.7869508151555137,
          0.6170065499552259,
          -0.003366277165049226,
          1051.952857139886
        ],
        [
          -0.616942153973783,
          0.7867610083861841,
          -0.01973561440611272,
          3820.3683261919923
        ],
        [
          -0.009528547607197966,
          0.017607756120959935,
          0.9997995668262418,
          115.95963370977661
        ],
        [
          0.0,
          0.0,
          0.0,
          1.0
        ]
      ]
    },
    {
      "frame_id": 519,
      "lidar_file_path": "train/0000000519.npy",
      "lidar2world": [
        [
          0.7873542811418458,
          0.616488356357572,
          -0.003916958700294187,
          1052.6806106630079
        ],
        [
          -0.6164327215479495,
          0.7871570280259073,
          -0.01986235465688028,
          3819.804048062698
        ],
        [
          -0.009161648662287143,
          0.018053251486087028,
          0.9997950511501326,
          115.9580679879464
        ],
        [
          0.0,
          0.0,
          0.0,
          1.0
        ]
      ]
    },
    {
      "frame_id": 521,
      "lidar_file_path": "train/0000000521.npy",
      "lidar2world": [
        [
          0.7879714752418612,
          0.6156816686614636,
          -0.006085811265540768,
          1054.1448283128295
        ],
        [
          -0.6156775566312335,
          0.7877850691228752,
          -0.01832569468688232,
          3818.6681547439302
        ],
        [
          -0.006488482966428527,
          0.018187022073382773,
          0.9998135485611774,
          115.96115679095088
        ],
        [
          0.0,
          0.0,
          0.0,
          1.0
        ]
      ]
    },
    {
      "frame_id": 522,
      "lidar_file_path": "train/0000000522.npy",
      "lidar2world": [
        [
          0.7881757389372116,
          0.6154077574896802,
          -0.007231651090831311,
          1054.8850222387068
        ],
        [
          -0.6154323128591215,
          0.7880086651747017,
          -0.01689413993158573,
          3818.0975631457795
        ],
        [
          -0.004698180956423535,
          0.01776614295835956,
          0.999831131402282,
          115.96314619886458
        ],
        [
          0.0,
          0.0,
          0.0,
          1.0
        ]
      ]
    },
    {
      "frame_id": 523,
      "lidar_file_path": "train/0000000523.npy",
      "lidar2world": [
        [
          0.7883829442384692,
          0.6151491618552312,
          -0.006621335112436678,
          1055.632782979555
        ],
        [
          -0.6151658256421161,
          0.7882284420371285,
          -0.01633799946936448,
          3817.5224896024197
        ],
        [
          -0.0048311819180888735,
          0.016953819227104195,
          0.9998446017459665,
          115.96531758043139
        ],
        [
          0.0,
          0.0,
          0.0,
          1.0
        ]
      ]
    },
    {
      "frame_id": 524,
      "lidar_file_path": "train/0000000524.npy",
      "lidar2world": [
        [
          0.7885951610816762,
          0.614880920717838,
          -0.006255019584649787,
          1056.386848624679
        ],
        [
          -0.6148959407937421,
          0.7884576437607651,
          -0.015411879278005752,
          3816.946413893742
        ],
        [
          -0.004544652445156025,
          0.015999919605830262,
          0.9998616647891839,
          115.97307481778493
        ],
        [
          0.0,
          0.0,
          0.0,
          1.0
        ]
      ]
    },
    {
      "frame_id": 525,
      "lidar_file_path": "train/0000000525.npy",
      "lidar2world": [
        [
          0.7889377873385053,
          0.6144439865233918,
          -0.00597956775700404,
          1057.1410913086017
        ],
        [
          -0.6144570529231963,
          0.7888095663220517,
          -0.014899604439796462,
          3816.368224879402
        ],
        [
          -0.004438232063432116,
          0.015429048595188458,
          0.9998711149842107,
          115.97740841836581
        ],
        [
          0.0,
          0.0,
          0.0,
          1.0
        ]
      ]
    },
    {
      "frame_id": 526,
      "lidar_file_path": "train/0000000526.npy",
      "lidar2world": [
        [
          0.7897129310504507,
          0.6134482008661412,
          -0.0058984317542265415,
          1057.8949903235045
        ],
        [
          -0.6134600787673072,
          0.7895847451828686,
          -0.01492186006534566,
          3815.7872649073997
        ],
        [
          -0.004496476402259069,
          0.015402438258436424,
          0.9998712650427687,
          115.98388783719369
        ],
        [
          0.0,
          0.0,
          0.0,
          1.0
        ]
      ]
    },
    {
      "frame_id": 527,
      "lidar_file_path": "train/0000000527.npy",
      "lidar2world": [
        [
          0.790872210242149,
          0.6119611595795191,
          -0.0049685343068824744,
          1058.6537443675236
        ],
        [
          -0.6119582475393964,
          0.7907458051138029,
          -0.015105463608890713,
          3815.2057721300425
        ],
        [
          -0.00531510928574449,
          0.014987026909552654,
          0.9998735613850945,
          115.9902866258858
        ],
        [
          0.0,
          0.0,
          0.0,
          1.0
        ]
      ]
    },
    {
      "frame_id": 528,
      "lidar_file_path": "train/0000000528.npy",
      "lidar2world": [
        [
          0.7922969444410348,
          0.6101070986692285,
          -0.0059059346624887946,
          1059.4116732410337
        ],
        [
          -0.6101156464615003,
          0.7921553617755608,
          -0.01577278594217022,
          3814.625720046565
        ],
        [
          -0.004944670791474668,
          0.01610003323257755,
          0.9998581595765758,
          115.99920844144096
        ],
        [
          0.0,
          0.0,
          0.0,
          1.0
        ]
      ]
    },
    {
      "frame_id": 529,
      "lidar_file_path": "train/0000000529.npy",
      "lidar2world": [
        [
          0.7938841019842574,
          0.6080501471594238,
          -0.00480117547118172,
          1060.176844709382
        ],
        [
          -0.6080454793448458,
          0.7937589175487761,
          -0.015082305790040086,
          3814.048438435821
        ],
        [
          -0.005359822307019406,
          0.014892935891591155,
          0.9998747285749073,
          116.00381415585362
        ],
        [
          0.0,
          0.0,
          0.0,
          1.0
        ]
      ]
    },
    {
      "frame_id": 530,
      "lidar_file_path": "train/0000000530.npy",
      "lidar2world": [
        [
          0.7952390565420228,
          0.6062722066743423,
          -0.0053716331485760245,
          1060.9431741644257
        ],
        [
          -0.6062763222146325,
          0.7951106466801203,
          -0.01510234138166358,
          3813.469418300731
        ],
        [
          -0.0048850870775456415,
          0.015266665689639091,
          0.9998715242335094,
          116.0102724160443
        ],
        [
          0.0,
          0.0,
          0.0,
          1.0
        ]
      ]
    },
    {
      "frame_id": 531,
      "lidar_file_path": "train/0000000531.npy",
      "lidar2world": [
        [
          0.7967815173942212,
          0.6042560641038517,
          -0.0037178802500155584,
          1061.7179043904873
        ],
        [
          -0.6042278284951093,
          0.7966436211305332,
          -0.016360693192549826,
          3812.888511455764
        ],
        [
          -0.0069242224175540155,
          0.015282344587100495,
          0.9998592426636291,
          116.01335854655296
        ],
        [
          0.0,
          0.0,
          0.0,
          1.0
        ]
      ]
    }
  ]
}