{
  "w_lidar": 1030,
  "h_lidar": 66,
  "num_frames": 64,
  "num_frames_split": 60,
  "frames": [
    {
      "frame_id": 1908,
      "lidar_file_path": "train/0000001908.npy",
      "lidar2world": [
        [
          -0.572751461788222,
          0.8195888350400872,
          0.015162602620840435,
          1078.7019509104932
        ],
        [
          -0.8196405777363198,
          -0.5723198481314755,
          -0.025284676463558614,
          3780.312906985037
        ],
        [
          -0.01204518002257322,
          -0.026909719772698282,
          0.9995652958906522,
          116.07207176470236
        ],
        [
          0.0,
          0.0,
          0.0,
          1.0
        ]
      ]
    },
    {
      "frame_id": 1909,
      "lidar_file_path": "train/0000001909.npy",
      "lidar2world": [
        [
          -0.5917857651088477,
          0.8059243688661425,
          0.016598794563667047,
          1078.2686263078724
        ],
        [
          -0.8060109183668557,
          -0.5913004552613456,
          -0.026649035894687263,
          3779.7086004860853
        ],
        [
          -0.011662232619644245,
          -0.02914932976605113,
          0.9995070330093603,
          116.0697138853285
        ],
        [
          0.0,
          0.0,
          0.0,
          1.0
        ]
      ]
    },
    {
      "frame_id": 1910,
      "lidar_file_path": "train/0000001910.npy",
      "lidar2world": [
        [
          -0.6108819118148905,
          0.7915364377688311,
          0.01712768251127127,
          1077.813102833096
        ],
        [
          -0.7916462275386208,
          -0.6103819557171927,
          -0.027020709338000635,
          3779.103648712107
        ],
        [
          -0.010933447604909266,
          -0.030065527820531162,
          0.9994881308465426,
          116.06457010447738
        ],
        [
          0.0,
          0.0,
          0.0,
          1.0
        ]
      ]
    },
    {
      "frame_id": 1911,
      "lidar_file_path": "train/0000001911.npy",
      "lidar2world": [
        [
          -0.6298513179526024,
          0.7764979120343841,
          0.01839320626838703,
          1077.3335484256374
        ],
        [
          -0.7766586761011186,
          -0.629341432523958,
          -0.027030765322911175,
          3778.5005666115167
        ],
        [
          -0.009413726040464287,
          -0.03131060639003509,
          0.9994653709215766,
          116.0615364164434
        ],
        [
          0.0,
          0.0,
          0.0,
          1.0
        ]
      ]
    },
    {
      "frame_id": 1912,
      "lidar_file_path": "train/0000001912.npy",
      "lidar2world": [
        [
          -0.6487412804767527,
          0.7607701978709492,
          0.0190645511079538,
          1076.8330910110915
        ],
        [
          -0.7609574193781156,
          -0.6482019217494591,
          -0.027893990176844026,
          3777.9002868960833
        ],
        [
          -0.008863237665703454,
          -0.03260329452566674,
          0.9994290711214072,
          116.06036600681425
        ],
        [
          0.0,
          0.0,
          0.0,
          1.0
        ]
      ]
    },
    {
      "frame_id": 1913,
      "lidar_file_path": "train/0000001913.npy",
      "lidar2world": [
        [
          -0.6673551080859733,
          0.7444927633669512,
          0.01917511453190224,
          1076.3083996677508
        ],
        [
          -0.7446933973961886,
          -0.6668054471783598,
          -0.028323833922197863,
          3777.307168439887
        ],
        [
          -0.008300818472748836,
          -0.03318163639960488,
          0.9994148665356488,
          116.0580481701337
        ],
        [
          0.0,
          0.0,
          0.0,
          1.0
        ]
      ]
    },
    {
      "frame_id": 1914,
      "lidar_file_path": "train/0000001914.npy",
      "lidar2world": [
        [
          -0.685564562215216,
          0.727766986785423,
          0.018879725746344524,
          1075.761335884815
        ],
        [
          -0.7279638513250107,
          -0.6849910784210765,
          -0.029254976515916405,
          3776.718805923077
        ],
        [
          -0.00835836238006283,
          -0.033799933070283936,
          0.9993936673369214,
          116.05871741449064
        ],
        [
          0.0,
          0.0,
          0.0,
          1.0
        ]
      ]
    },
    {
      "frame_id": 1915,
      "lidar_file_path": "train/0000001915.npy",
      "lidar2world": [
        [
          -0.7037775862788076,
          0.7102287131669774,
          0.016501036478073775,
          1075.1897283453693
        ],
        [
          -0.710357374218491,
          -0.7032159958541269,
          -0.02965913206926026,
          3776.1377295118496
        ],
        [
          -0.0094609742965112,
          -0.03259506533458961,
          0.9994238598807201,
          116.05978038209359
        ],
        [
          0.0,
          0.0,
          0.0,
          1.0
        ]
      ]
    },
    {
      "frame_id": 1916,
      "lidar_file_path": "train/0000001916.npy",
      "lidar2world": [
        [
          -0.7210547638053791,
          0.6927173202101496,
          0.01492454352147814,
          1074.5989984059768
        ],
        [
          -0.6927879861408511,
          -0.7204464006021307,
          -0.03165106920661021,
          3775.5600876816625
        ],
        [
          -0.011172910125492415,
          -0.0331616987059559,
          0.9993875463309048,
          116.05846025035983
        ],
        [
          0.0,
          0.0,
          0.0,
          1.0
        ]
      ]
    },
    {
      "frame_id": 1917,
      "lidar_file_path": "train/0000001917.npy",
      "lidar2world": [
        [
          -0.7370821006054642,
          0.6756887225329745,
          0.01243894441347967,
          1073.9867024604011
        ],
        [
          -0.6757048576787528,
          -0.7365359730677908,
          -0.030621982193698726,
          3774.9960968374057
        ],
        [
          -0.011529197926918063,
          -0.03097597009654989,
          0.9994536341630116,
          116.05844567927888
        ],
        [
          0.0,
          0.0,
          0.0,
          1.0
        ]
      ]
    },
    {
      "frame_id": 1918,
      "lidar_file_path": "train/0000001918.npy",
      "lidar2world": [
        [
          -0.7510585098040221,
          0.6601500023166212,
          0.010634347527450351,
          1073.3592699283272
        ],
        [
          -0.6601389014146062,
          -0.7505753035865493,
          -0.029212061230212694,
          3774.442681908257
        ],
        [
          -0.011302463544492826,
          -0.028960113714845238,
          0.9995166662934309,
          116.05770326225998
        ],
        [
          0.0,
          0.0,
          0.0,
          1.0
        ]
      ]
    },
    {
      "frame_id": 1919,
      "lidar_file_path": "train/0000001919.npy",
      "lidar2world": [
        [
          -0.7631658762328767,
          0.6461514384201955,
          0.008134126321883654,
          1072.7136269093885
        ],
        [
          -0.6461212200009578,
          -0.7628094625479201,
          -0.025477305262278163,
          3773.9009903548954
        ],
        [
          -0.010257408897128492,
          -0.024699041570146334,
          0.9996423074857437,
          116.05562543222113
        ],
        [
          0.0,
          0.0,
          0.0,
          1.0
        ]
      ]
    },
    {
      "frame_id": 1920,
      "lidar_file_path": "train/0000001920.npy",
      "lidar2world": [
        [
          -0.7727100310858277,
          0.6347328494774643,
          0.00578080121714785,
          1072.0557049227068
        ],
        [
          -0.6346816133395501,
          -0.772441212607934,
          -0.02266766170429576,
          3773.3635259690313
        ],
        [
          -0.009922580314303023,
          -0.021184497799684118,
          0.999726342263386,
          116.0518389004785
        ],
        [
          0.0,
          0.0,
          0.0,
          1.0
        ]
      ]
    },
    {
      "frame_id": 1922,
      "lidar_file_path": "train/0000001922.npy",
      "lidar2world": [
        [
          -0.7840560358943612,
          0.6206660906802316,
          -0.005453115334788312,
          1070.69892699274
        ],
        [
          -0.6205937282305632,
          -0.7840588814338022,
          -0.010728235055634982,
          3772.3122688718445
        ],
        [
          -0.010934215218140803,
          -0.005027368290999859,
          0.9999275816648154,
          116.04940594902504
        ],
        [
          0.0,
          0.0,
          0.0,
          1.0
        ]
      ]
    },
    {
      "frame_id": 1923,
      "lidar_file_path": "train/0000001923.npy",
      "lidar2world": [
        [
          -0.7862396245799255,
          0.6178718529235738,
          -0.00785023446472226,
          1070.0146557573232
        ],
        [
          -0.6178446603108845,
          -0.7862787617034315,
          -0.005803855129568901,
          3771.7862637992357
        ],
        [
          -0.009758511259791457,
          0.0002870045901936045,
          0.9999523434331484,
          116.05040854693662
        ],
        [
          0.0,
          0.0,
          0.0,
          1.0
        ]
      ]
    },
    {
      "frame_id": 1924,
      "lidar_file_path": "train/0000001924.npy",
      "lidar2world": [
        [
          -0.7857663348353047,
          0.6183867065238551,
          -0.013005699606816445,
          1069.3241536315422
        ],
        [
          -0.6184455330997852,
          -0.7858273978990461,
          0.000650739441376562,
          3771.259774527038
        ],
        [
          -0.009817826477821095,
          0.008554645984965156,
          0.9999152106072569,
          116.04634130371123
        ],
        [
          0.0,
          0.0,
          0.0,
          1.0
        ]
      ]
    },
    {
      "frame_id": 1925,
      "lidar_file_path": "train/0000001925.npy",
      "lidar2world": [
        [
          -0.7825396926433221,
          0.6223447034537412,
          -0.017852155602359084,
          1068.6338605162575
        ],
        [
          -0.6225203694681636,
          -0.782577601231387,
          0.0063786916666147735,
          3770.726536180971
        ],
        [
          -0.010000952120695034,
          0.016104909963100413,
          0.9998202902594826,
          116.04558360493779
        ],
        [
          0.0,
          0.0,
          0.0,
          1.0
        ]
      ]
    },
    {
      "frame_id": 1926,
      "lidar_file_path": "train/0000001926.npy",
      "lidar2world": [
        [
          -0.7779866490633174,
          0.6279161336136189,
          -0.021403342002653713,
          1067.9436866695582
        ],
        [
          -0.6282047402398221,
          -0.7779710367591368,
          0.010948536691962336,
          3770.183107953814
        ],
        [
          -0.009776417293994052,
          0.021963496293904775,
          0.9997109714595571,
          116.04872998439713
        ],
        [
          0.0,
          0.0,
          0.0,
          1.0
        ]
      ]
    },
    {
      "frame_id": 1927,
      "lidar_file_path": "train/0000001927.npy",
      "lidar2world": [
        [
          -0.7725325511357608,
          0.6345453664941328,
          -0.023358838761559576,
          1067.259740283989
        ],
        [
          -0.6349083923339937,
          -0.7724619384261737,
          0.013924335096120736,
          3769.629433880479
        ],
        [
          -0.00920819151988118,
          0.025587724855339618,
          0.9996301704153364,
          116.04875172276263
        ],
        [
          0.0,
          0.0,
          0.0,
          1.0
        ]
      ]
    },
    {
      "frame_id": 1928,
      "lidar_file_path": "train/0000001928.npy",
      "lidar2world": [
        [
          -0.7659861530899591,
          0.6423783335874956,
          -0.024805037682584918,
          1066.5804139501238
        ],
        [
          -0.6427930950412835,
          -0.7658839009167262,
          0.015455981893875877,
          3769.0650814267697
        ],
        [
          -0.009069191108035021,
          0.027783575054194914,
          0.9995728201541422,
          116.04769095929011
        ],
        [
          0.0,
          0.0,
          0.0,
          1.0
        ]
      ]
    },
    {
      "frame_id": 1929,
      "lidar_file_path": "train/0000001929.npy",
      "lidar2world": [
        [
          -0.7587733549913991,
          0.6506971673234326,
          -0.02926076158982557,
          1065.9001284774313
        ],
        [
          -0.6512319643537354,
          -0.7587366455989301,
          0.014684389749212854,
          3768.487418231119
        ],
        [
          -0.012646121216872716,
          0.030197666953262738,
          0.9994639446037581,
          116.04574612594537
        ],
        [
          0.0,
          0.0,
          0.0,
          1.0
        ]
      ]
    },
    {
      "frame_id": 1930,
      "lidar_file_path": "train/0000001930.npy",
      "lidar2world": [
        [
          -0.7514918698726837,
          0.658885558793435,
          -0.033612347424346926,
          1065.2245140014409
        ],
        [
          -0.6595609791964602,
          -0.7515041563409333,
          0.014859943808661721,
          3767.9013494929845
        ],
        [
          -0.015468816321140545,
          0.03333651980327021,
          0.9993244679428529,
          116.0464692762239
        ],
        [
          0.0,
          0.0,
          0.0,
          1.0
        ]
      ]
    },
    {
      "frame_id": 1931,
      "lidar_file_path": "train/0000001931.npy",
      "lidar2world": [
        [
          -0.7441866714061454,
          0.6671574586783662,
          -0.032971554093347545,
          1064.56197035686
        ],
        [
          -0.6678341201392327,
          -0.7441282216629085,
          0.016455327494546614,
          3767.3044743565506
        ],
        [
          -0.013556769398363092,
          0.0342653641961043,
          0.9993208188128915,
          116.04817986219314
        ],
        [
          0.0,
          0.0,
          0.0,
          1.0
        ]
      ]
    },
    {
      "frame_id": 1932,
      "lidar_file_path": "train/0000001932.npy",
      "lidar2world": [
        [
          -0.7369007256556391,
          0.6752678394726264,
          -0.031474839967021835,
          1063.901637777834
        ],
        [
          -0.6759177307384459,
          -0.7367415720261946,
          0.0186300145033175,
          3766.6980804229124
        ],
        [
          -0.010608573433638224,
          0.03500287358069912,
          0.9993309046367745,
          116.0437652317005
        ],
        [
          0.0,
          0.0,
          0.0,
          1.0
        ]
      ]
    },
    {
      "frame_id": 1933,
      "lidar_file_path": "train/0000001933.npy",
      "lidar2world": [
        [
          -0.7293403050368931,
          0.6833965845204631,
          -0.03212207597066292,
          1063.2450852901395
        ],
        [
          -0.6840817650591888,
          -0.7291305329674286,
          0.02002010589873638,
          3766.08040177475
        ],
        [
          -0.009739514259271578,
          0.03657559655550727,
          0.9992834270375913,
          116.04036040303198
        ],
        [
          0.0,
          0.0,
          0.0,
          1.0
        ]
      ]
    },
    {
      "frame_id": 1935,
      "lidar_file_path": "train/0000001935.npy",
      "lidar2world": [
        [
          -0.7144881303786014,
          0.6987700884813054,
          -0.03502962921350099,
          1061.9394257947056
        ],
        [
          -0.6994874357939879,
          -0.7144998466926066,
          0.01439778719121459,
          3764.8019821087
        ],
        [
          -0.014967921550641547,
          0.03478983357939149,
          0.9992825571049486,
          116.04155977085946
        ],
        [
          0.0,
          0.0,
          0.0,
          1.0
        ]
      ]
    },
    {
      "frame_id": 1936,
      "lidar_file_path": "train/0000001936.npy",
      "lidar2world": [
        [
          -0.7075393565097026,
          0.7056851378219964,
          -0.03737037956554684,
          1061.2900376967705
        ],
        [
          -0.7064820737606204,
          -0.7075897196110712,
          0.014137480842732355,
          3764.1540258916175
        ],
        [
          -0.016466286227308245,
          0.03640432734834857,
          0.9992014744198371,
          116.036901427551
        ],
        [
          0.0,
          0.0,
          0.0,
          1.0
        ]
      ]
    },
    {
      "frame_id": 1937,
      "lidar_file_path": "train/0000001937.npy",
      "lidar2world": [
        [
          -0.7007156094515614,
          0.7125259151984965,
          -0.03611723706274293,
          1060.648338128275
        ],
        [
          -0.7132936282409854,
          -0.7007007424196025,
          0.015187809715626744,
          3763.49894219508
        ],
        [
          -0.014485666693603322,
          0.036404530380100046,
          0.9992321430476638,
          116.03625798588259
        ],
        [
          0.0,
          0.0,
          0.0,
          1.0
        ]
      ]
    },
    {
      "frame_id": 1938,
      "lidar_file_path": "train/0000001938.npy",
      "lidar2world": [
        [
          -0.69444715091517,
          0.7187941188857156,
          -0.032835487586500685,
          1060.015900020188
        ],
        [
          -0.719464688608264,
          -0.6943238155524424,
          0.01688197945735008,
          3762.8363837348534
        ],
        [
          -0.010663793463466437,
          0.03534761639454437,
          0.9993181822944537,
          116.0329787603732
        ],
        [
          0.0,
          0.0,
          0.0,
          1.0
        ]
      ]
    },
    {
      "frame_id": 1939,
      "lidar_file_path": "train/0000001939.npy",
      "lidar2world": [
        [
          -0.6881838034625042,
          0.7249281450265564,
          -0.02970247704083935,
          1059.3831913608135
        ],
        [
          -0.7255046707100815,
          -0.6879596133859476,
          0.01882931864645799,
          3762.1627687151145
        ],
        [
          -0.006784201489667989,
          0.03450731792616014,
          0.9993814184829098,
          116.02940535322253
        ],
        [
          0.0,
          0.0,
          0.0,
          1.0
        ]
      ]
    },
    {
      "frame_id": 1940,
      "lidar_file_path": "train/0000001940.npy",
      "lidar2world": [
        [
          -0.6818834539681492,
          0.7308637716049924,
          -0.029548310391317244,
          1058.7529735148128
        ],
        [
          -0.7314362581312875,
          -0.6816351201799903,
          0.01935363808048652,
          3761.4799871407895
        ],
        [
          -0.0059962932106837966,
          0.03480963121090405,
          0.9993759723817734,
          116.03316747878222
        ],
        [
          0.0,
          0.0,
          0.0,
          1.0
        ]
      ]
    },
    {
      "frame_id": 1941,
      "lidar_file_path": "train/0000001941.npy",
      "lidar2world": [
        [
          -0.6756431681373334,
          0.7366267654514772,
          -0.029787879145747983,
          1058.1250349124107
        ],
        [
          -0.7371978843973027,
          -0.6754331606516221,
          0.018147308035285938,
          3760.7886231672273
        ],
        [
          -0.006751928444815183,
          0.03422066614728291,
          0.9993914935763444,
          116.03505612974111
        ],
        [
          0.0,
          0.0,
          0.0,
          1.0
        ]
      ]
    },
    {
      "frame_id": 1942,
      "lidar_file_path": "train/0000001942.npy",
      "lidar2world": [
        [
          -0.6692348050755916,
          0.7424578750849935,
          -0.02968298438188178,
          1057.4985800370623
        ],
        [
          -0.7430166036926685,
          -0.6690539814105831,
          0.0171200658697999,
          3760.0922630484497
        ],
        [
          -0.007148591061054188,
          0.03351229420773348,
          0.9994127394845262,
          116.03917869119014
        ],
        [
          0.0,
          0.0,
          0.0,
          1.0
        ]
      ]
    },
    {
      "frame_id": 1943,
      "lidar_file_path": "train/0000001943.npy",
      "lidar2world": [
        [
          -0.6627623208883752,
          0.7482150637476099,
          -0.030336849988749432,
          1056.8786661525642
        ],
        [
          -0.7487838506613274,
          -0.6626264720600632,
          0.0157766799436899,
          3759.3860822912834
        ],
        [
          -0.00829765020862811,
          0.03317193237968804,
          0.9994152149755654,
          116.04110481540589
        ],
        [
          0.0,
          0.0,
          0.0,
          1.0
        ]
      ]
    },
    {
      "frame_id": 1944,
      "lidar_file_path": "train/0000001944.npy",
      "lidar2world": [
        [
          -0.656520358211096,
          0.7536327487538038,
          -0.03191706901350599,
          1056.2600665707128
        ],
        [
          -0.7542390470529003,
          -0.6564455316552885,
          0.014238116138052075,
          3758.6729144737815
        ],
        [
          -0.010221506677689432,
          0.033420712805619736,
          0.9993891017971475,
          116.04457741850827
        ],
        [
          0.0,
          0.0,
          0.0,
          1.0
        ]
      ]
    },
    {
      "frame_id": 1945,
      "lidar_file_path": "train/0000001945.npy",
      "lidar2world": [
        [
          -0.651015251897851,
          0.7583911582519621,
          -0.03196862471488181,
          1055.6522017985146
        ],
        [
          -0.7589986989588346,
          -0.650936279205023,
          0.014245545350515814,
          3757.956878160594
        ],
        [
          -0.01000584188392121,
          0.033538211788244045,
          0.999387348062626,
          116.04902626330693
        ],
        [
          0.0,
          0.0,
          0.0,
          1.0
        ]
      ]
    },
    {
      "frame_id": 1946,
      "lidar_file_path": "train/0000001946.npy",
      "lidar2world": [
        [
          -0.6463690364402721,
          0.76245632862545,
          -0.029451921792006758,
          1055.0524554475678
        ],
        [
          -0.7630013905113356,
          -0.6461707085816455,
          0.017096593639155944,
          3757.239925023314
        ],
        [
          -0.005995563081314394,
          0.033522566088241536,
          0.999419977189556,
          116.05342869689356
        ],
        [
          0.0,
          0.0,
          0.0,
          1.0
        ]
      ]
    },
    {
      "frame_id": 1948,
      "lidar_file_path": "train/0000001948.npy",
      "lidar2world": [
        [
          -0.6371085608215612,
          0.7702222359069203,
          -0.029161430893793115,
          1053.8636553340086
        ],
        [
          -0.7707670409954104,
          -0.6368082897946663,
          0.019833576716249728,
          3755.801175232068
        ],
        [
          -0.0032939790285284034,
          0.035112811266202,
          0.9993779266035965,
          116.06529755252302
        ],
        [
          0.0,
          0.0,
          0.0,
          1.0
        ]
      ]
    },
    {
      "frame_id": 1949,
      "lidar_file_path": "train/0000001949.npy",
      "lidar2world": [
        [
          -0.6324464577966729,
          0.7739926332143049,
          -0.03077144418703914,
          1053.273766154201
        ],
        [
          -0.7745748137172688,
          -0.6322686627444789,
          0.016437642986833433,
          3755.071107442253
        ],
        [
          -0.0067332051710246085,
          0.0342307146989436,
          0.9993912757731082,
          116.07409477076601
        ],
        [
          0.0,
          0.0,
          0.0,
          1.0
        ]
      ]
    },
    {
      "frame_id": 1950,
      "lidar_file_path": "train/0000001950.npy",
      "lidar2world": [
        [
          -0.6278807688335606,
          0.7775573727430295,
          -0.034209240534198326,
          1052.6892797905946
        ],
        [
          -0.778177897373186,
          -0.6279762506377572,
          0.009218939270606782,
          3754.333701310512
        ],
        [
          -0.014314336369183401,
          0.03240926951517297,
          0.9993721724290692,
          116.07754699214294
        ],
        [
          0.0,
          0.0,
          0.0,
          1.0
        ]
      ]
    },
    {
      "frame_id": 1951,
      "lidar_file_path": "train/0000001951.npy",
      "lidar2world": [
        [
          -0.6237340362801569,
          0.7808327751742902,
          -0.03544050292897555,
          1052.1123591008254
        ],
        [
          -0.7814268523299336,
          -0.6239757710298742,
          0.005129491689954175,
          3753.5989474900466
        ],
        [
          -0.018108739852782645,
          0.030893599214715156,
          0.9993586238531219,
          116.08261747897552
        ],
        [
          0.0,
          0.0,
          0.0,
          1.0
        ]
      ]
    },
    {
      "frame_id": 1952,
      "lidar_file_path": "train/0000001952.npy",
      "lidar2world": [
        [
          -0.6204079134450027,
          0.7835750218905351,
          -0.03322959720797212,
          1051.5454956385322
        ],
        [
          -0.7840843556092272,
          -0.6206413492086087,
          0.00400487297896789,
          3752.870724594487
        ],
        [
          -0.017485543580204325,
          0.028539462151006993,
          0.9994397204640689,
          116.08301615935686
        ],
        [
          0.0,
          0.0,
          0.0,
          1.0
        ]
      ]
    },
    {
      "frame_id": 1953,
      "lidar_file_path": "train/0000001953.npy",
      "lidar2world": [
        [
          -0.6185051903442721,
          0.7853280958388202,
          -0.026666671962746184,
          1050.9904624622304
        ],
        [
          -0.7857075569999523,
          -0.6185544466896484,
          0.007350611293698061,
          3752.146943173315
        ],
        [
          -0.010722146862259028,
          0.025498596961834187,
          0.9996173553956001,
          116.07888714277125
        ],
        [
          0.0,
          0.0,
          0.0,
          1.0
        ]
      ]
    },
    {
      "frame_id": 1954,
      "lidar_file_path": "train/0000001954.npy",
      "lidar2world": [
        [
          -0.6166899029781788,
          0.7868733712735546,
          -0.022888013319878,
          1050.4389429158184
        ],
        [
          -0.7871589823654105,
          -0.6167105969201178,
          0.006984005833319734,
          3751.4206951606166
        ],
        [
          -0.008619752049307271,
          0.022323471101362284,
          0.999713640280882,
          116.07874529282068
        ],
        [
          0.0,
          0.0,
          0.0,
          1.0
        ]
      ]
    },
    {
      "frame_id": 1955,
      "lidar_file_path": "train/0000001955.npy",
      "lidar2world": [
        [
          -0.6146231515635036,
          0.7885205486678042,
          -0.021765246392013354,
          1049.8832523399403
        ],
        [
          -0.7887705081950102,
          -0.6146617265898419,
          0.005661030658495918,
          3750.6927474316385
        ],
        [
          -0.008914424848608958,
          0.020647185000935875,
          0.9997470814470735,
          116.08287474910136
        ],
        [
          0.0,
          0.0,
          0.0,
          1.0
        ]
      ]
    },
    {
      "frame_id": 1956,
      "lidar_file_path": "train/0000001956.npy",
      "lidar2world": [
        [
          -0.6125456234244228,
          0.7901036841494182,
          -0.02289164843691583,
          1049.3314230842855
        ],
        [
          -0.790331638075614,
          -0.6126773092876611,
          0.0015545734990098953,
          3749.96172278515
        ],
        [
          -0.01279691928171339,
          0.01904424126885898,
          0.9997367431829735,
          116.08797752486912
        ],
        [
          0.0,
          0.0,
          0.0,
          1.0
        ]
      ]
    },
    {
      "frame_id": 1957,
      "lidar_file_path": "train/0000001957.npy",
      "lidar2world": [
        [
          -0.6104005353880312,
          0.7918140033707466,
          -0.021018338001861717,
          1048.786643626754
        ],
        [
          -0.7919802708063253,
          -0.6105463213472248,
          -0.0006634960062992284,
          3749.2358544426324
        ],
        [
          -0.01335803422825327,
          0.01624111072208494,
          0.999778870153943,
          116.09157306221968
        ],
        [
          0.0,
          0.0,
          0.0,
          1.0
        ]
      ]
    },
    {
      "frame_id": 1958,
      "lidar_file_path": "train/0000001958.npy",
      "lidar2world": [
        [
          -0.6084676324639551,
          0.7933378738896854,
          -0.019548867505808816,
          1048.244224763312
        ],
        [
          -0.7934709778518454,
          -0.6086062814551149,
          -0.0014837715281940265,
          3748.511505270114
        ],
        [
          -0.013074695702819026,
          0.014608632030773927,
          0.9998078016581485,
          116.09413803984397
        ],
        [
          0.0,
          0.0,
          0.0,
          1.0
        ]
      ]
    },
    {
      "frame_id": 1959,
      "lidar_file_path": "train/0000001959.npy",
      "lidar2world": [
        [
          -0.6067949317271859,
          0.7946686589722216,
          -0.017367593135309493,
          1047.704522689809
        ],
        [
          -0.794753180722884,
          -0.6069252929818806,
          -0.003011740605631871,
          3747.7870483805414
        ],
        [
          -0.012934167323084321,
          0.01197544100867045,
          0.9998446360383558,
          116.09259628564875
        ],
        [
          0.0,
          0.0,
          0.0,
          1.0
        ]
      ]
    },
    {
      "frame_id": 1961,
      "lidar_file_path": "train/0000001961.npy",
      "lidar2world": [
        [
          -0.6073101072901766,
          0.7943406979585166,
          -0.01404596611310255,
          1046.636919754658
        ],
        [
          -0.7942936580141214,
          -0.6074513544359101,
          -0.010021822031039457,
          3746.3411113249604
        ],
        [
          -0.016492982139053695,
          0.00507026798070532,
          0.9998511258641104,
          116.09319511218449
        ],
        [
          0.0,
          0.0,
          0.0,
          1.0
        ]
      ]
    },
    {
      "frame_id": 1962,
      "lidar_file_path": "train/0000001962.npy",
      "lidar2world": [
        [
          -0.6102455344772154,
          0.7921246163584809,
          -0.011788972315479736,
          1046.1032808039379
        ],
        [
          -0.7920572969942435,
          -0.6103529417330887,
          -0.010701630028592507,
          3745.6316102541355
        ],
        [
          -0.01567245845167991,
          0.0028069195932234185,
          0.9998732395779034,
          116.09351788336687
        ],
        [
          0.0,
          0.0,
          0.0,
          1.0
        ]
      ]
    },
    {
      "frame_id": 1963,
      "lidar_file_path": "train/0000001963.npy",
      "lidar2world": [
        [
          -0.614356259141889,
          0.7889814473147695,
          -0.008640754150533095,
          1045.5681105099213
        ],
        [
          -0.7889210433575543,
          -0.6144165016204666,
          -0.009795405389699188,
          3744.9256460043725
        ],
        [
          -0.013037415038174372,
          0.0007990042492824748,
          0.9999146901234286,
          116.09285804858173
        ],
        [
          0.0,
          0.0,
          0.0,
          1.0
        ]
      ]
    },
    {
      "frame_id": 1964,
      "lidar_file_path": "train/0000001964.npy",
      "lidar2world": [
        [
          -0.6187027707806426,
          0.7855786373922772,
          -0.008549028474076594,
          1045.024500287164
        ],
        [
          -0.7855186858391482,
          -0.6187614410828742,
          -0.009730023646175086,
          3744.2228063723187
        ],
        [
          -0.012933507856002797,
          0.0006954290568493511,
          0.9999161168404496,
          116.0928277607921
        ],
        [
          0.0,
          0.0,
          0.0,
          1.0
        ]
      ]
    },
    {
      "frame_id": 1965,
      "lidar_file_path": "train/0000001965.npy",
      "lidar2world": [
        [
          -0.6222528882687262,
          0.7827662732013717,
          -0.008848984378142969,
          1044.4782520684364
        ],
        [
          -0.7827137235225154,
          -0.6223145884556323,
          -0.00915314237538537,
          3743.527434853822
        ],
        [
          -0.012671623178365538,
          0.0012306521637145053,
          0.9999189544177307,
          116.0937115929695
        ],
        [
          0.0,
          0.0,
          0.0,
          1.0
        ]
      ]
    },
    {
      "frame_id": 1966,
      "lidar_file_path": "train/0000001966.npy",
      "lidar2world": [
        [
          -0.6249267120699998,
          0.7806170803689574,
          -0.010177345348606266,
          1043.929326327654
        ],
        [
          -0.7805768659603862,
          -0.6250037003755603,
          -0.008374423020581041,
          3742.834830834171
        ],
        [
          -0.012898096104634623,
          0.002710799672141321,
          0.9999131416263652,
          116.09632914217671
        ],
        [
          0.0,
          0.0,
          0.0,
          1.0
        ]
      ]
    },
    {
      "frame_id": 1967,
      "lidar_file_path": "train/0000001967.npy",
      "lidar2world": [
        [
          -0.6265066276953141,
          0.7793373409736303,
          -0.011079461105677767,
          1043.3794849707842
        ],
        [
          -0.7793054861743817,
          -0.6265938995542246,
          -0.007940042318378615,
          3742.1435722134893
        ],
        [
          -0.01313029418637099,
          0.003659795663734687,
          0.9999070963138568,
          116.09388276223484
        ],
        [
          0.0,
          0.0,
          0.0,
          1.0
        ]
      ]
    },
    {
      "frame_id": 1968,
      "lidar_file_path": "train/0000001968.npy",
      "lidar2world": [
        [
          -0.6271527152461084,
          0.7788110206182745,
          -0.011526748831395928,
          1042.8280852141784
        ],
        [
          -0.7787813353481016,
          -0.6272457388286499,
          -0.00790031413425008,
          3741.4509295240973
        ],
        [
          -0.013382955745588294,
          0.004022113462353556,
          0.9999023547537139,
          116.0928167576659
        ],
        [
          0.0,
          0.0,
          0.0,
          1.0
        ]
      ]
    },
    {
      "frame_id": 1969,
      "lidar_file_path": "train/0000001969.npy",
      "lidar2world": [
        [
          -0.6266314248950535,
          0.7792181189363412,
          -0.012336149191221977,
          1042.2742151155037
        ],
        [
          -0.7791953065094758,
          -0.626734373311475,
          -0.007661571420388477,
          3740.757328916358
        ],
        [
          -0.013701523913885301,
          0.004811288138046442,
          0.9998945543310311,
          116.09214421162511
        ],
        [
          0.0,
          0.0,
          0.0,
          1.0
        ]
      ]
    },
    {
      "frame_id": 1970,
      "lidar_file_path": "train/0000001970.npy",
      "lidar2world": [
        [
          -0.6249268169856418,
          0.7805871481817762,
          -0.012254697928583807,
          1041.7207791237747
        ],
        [
          -0.7805634279585354,
          -0.6250289602464437,
          -0.007715822873136566,
          3740.0586680448505
        ],
        [
          -0.013682413229020677,
          0.0047437444235734665,
          0.9998951387740034,
          116.08968483934464
        ],
        [
          0.0,
          0.0,
          0.0,
          1.0
        ]
      ]
    },
    {
      "frame_id": 1971,
      "lidar_file_path": "train/0000001971.npy",
      "lidar2world": [
        [
          -0.6223595891922828,
          0.7826228580046868,
          -0.013038555106938927,
          1041.1674126746993
        ],
        [
          -0.7825819578700196,
          -0.6224799407182787,
          -0.009176200727391517,
          3739.353430123746
        ],
        [
          -0.015297743433890967,
          0.004492841446022209,
          0.9998728886519999,
          116.08589763147874
        ],
        [
          0.0,
          0.0,
          0.0,
          1.0
        ]
      ]
    }
  ]
}