{
  "w_lidar": 1030,
  "h_lidar": 66,
  "num_frames": 64,
  "num_frames_split": 60,
  "frames": [
    {
      "frame_id": 2900,
      "lidar_file_path": "train/0000002900.npy",
      "lidar2world": [
        [
          0.8912138518401775,
          0.45335432449392105,
          0.014412732142741974,
          1304.6772814920112
        ],
        [
          -0.45357758140989657,
          0.8909129455349047,
          0.023270177539557065,
          3793.053454192385
        ],
        [
          -0.002290853951774116,
          -0.027275996765219728,
          0.9996253158289025,
          116.4833126232222
        ],
        [
          0.0,
          0.0,
          0.0,
          1.0
        ]
      ]
    },
    {
      "frame_id": 2901,
      "lidar_file_path": "train/0000002901.npy",
      "lidar2world": [
        [
          0.8885373512925194,
          0.45854559119517285,
          0.015405070901345966,
          1305.5279907399026
        ],
        [
          -0.45879008493891443,
          0.888273058321011,
          0.021968882306163354,
          3792.6231781917563
        ],
        [
          -0.003610175280670597,
          -0.026587866350437188,
          0.9996399611944604,
          116.49225897192746
        ],
        [
          0.0,
          0.0,
          0.0,
          1.0
        ]
      ]
    },
    {
      "frame_id": 2902,
      "lidar_file_path": "train/0000002902.npy",
      "lidar2world": [
        [
          0.8864253963779192,
          0.46260821545695036,
          0.015609474458088012,
          1306.3768535461445
        ],
        [
          -0.46284771962565,
          0.8862174789136772,
          0.0197628085553958,
          3792.1858811644815
        ],
        [
          -0.0046909514514144575,
          -0.02474306503519101,
          0.9996828375669428,
          116.50265461377666
        ],
        [
          0.0,
          0.0,
          0.0,
          1.0
        ]
      ]
    },
    {
      "frame_id": 2903,
      "lidar_file_path": "train/0000002903.npy",
      "lidar2world": [
        [
          0.8847650848726056,
          0.46579940570537864,
          0.01488819623814475,
          1307.223014188251
        ],
        [
          -0.4660137790268874,
          0.884589706702256,
          0.018226591245590618,
          3791.747286383603
        ],
        [
          -0.004680009631958373,
          -0.02306435619969082,
          0.9997230281340033,
          116.51083405953742
        ],
        [
          0.0,
          0.0,
          0.0,
          1.0
        ]
      ]
    },
    {
      "frame_id": 2904,
      "lidar_file_path": "train/0000002904.npy",
      "lidar2world": [
        [
          0.8834727434654805,
          0.4682933699687413,
          0.01331282170026276,
          1308.0647504405406
        ],
        [
          -0.4684649871003423,
          0.8833289771852217,
          0.016446090986052136,
          3791.306616880936
        ],
        [
          -0.004058005696854168,
          -0.020766264001238204,
          0.9997761224383133,
          116.51805984702256
        ],
        [
          0.0,
          0.0,
          0.0,
          1.0
        ]
      ]
    },
    {
      "frame_id": 2905,
      "lidar_file_path": "train/0000002905.npy",
      "lidar2world": [
        [
          0.8825044162772031,
          0.4701319261053283,
          0.012725066583365616,
          1308.9075455859263
        ],
        [
          -0.4702848860023801,
          0.8823898975466117,
          0.014838962204738758,
          3790.865041533607
        ],
        [
          -0.004252200275586291,
          -0.01907985616047141,
          0.9998089206954346,
          116.52495784428616
        ],
        [
          0.0,
          0.0,
          0.0,
          1.0
        ]
      ]
    },
    {
      "frame_id": 2906,
      "lidar_file_path": "train/0000002906.npy",
      "lidar2world": [
        [
          0.8817500354763655,
          0.4715367151319794,
          0.013038452111728504,
          1309.7468478552219
        ],
        [
          -0.4716878132553502,
          0.8816658895697751,
          0.013261450820234907,
          3790.422698953092
        ],
        [
          -0.005242297466837953,
          -0.017843363643685824,
          0.9998270514215091,
          116.53364912381441
        ],
        [
          0.0,
          0.0,
          0.0,
          1.0
        ]
      ]
    },
    {
      "frame_id": 2907,
      "lidar_file_path": "train/0000002907.npy",
      "lidar2world": [
        [
          0.8811819341249462,
          0.47260408873223403,
          0.012797437672169903,
          1310.581897955149
        ],
        [
          -0.4727447533578991,
          0.8811160982685354,
          0.01211691140053107,
          3789.97912620477
        ],
        [
          -0.0055495264190736845,
          -0.016727124933966643,
          0.9998446909529619,
          116.54187538869387
        ],
        [
          0.0,
          0.0,
          0.0,
          1.0
        ]
      ]
    },
    {
      "frame_id": 2908,
      "lidar_file_path": "train/0000002908.npy",
      "lidar2world": [
        [
          0.8805541323627625,
          0.47378741061553703,
          0.012243754719337224,
          1311.4136863525623
        ],
        [
          -0.47391262524642724,
          0.8805037066350225,
          0.010956561180424963,
          3789.538054934115
        ],
        [
          -0.005589590650658626,
          -0.015450315154234905,
          0.9998650130250679,
          116.55041131203564
        ],
        [
          0.0,
          0.0,
          0.0,
          1.0
        ]
      ]
    },
    {
      "frame_id": 2909,
      "lidar_file_path": "train/0000002909.npy",
      "lidar2world": [
        [
          0.8800705011065868,
          0.47468333399924784,
          0.012314444789279087,
          1312.2444247288095
        ],
        [
          -0.4748056582241998,
          0.8800306500570916,
          0.010278226019623266,
          3789.097979844302
        ],
        [
          -0.005958186202744156,
          -0.014892531559858722,
          0.9998713480176973,
          116.55814709641074
        ],
        [
          0.0,
          0.0,
          0.0,
          1.0
        ]
      ]
    },
    {
      "frame_id": 2911,
      "lidar_file_path": "train/0000002911.npy",
      "lidar2world": [
        [
          0.8797070511434298,
          0.4753759832877855,
          0.011540311469836218,
          1313.8903137100997
        ],
        [
          -0.47547217504371114,
          0.8796964542403825,
          0.007769125730103885,
          3788.220758598869
        ],
        [
          -0.006458715335135027,
          -0.012321651621418682,
          0.9999032262744505,
          116.57499163180526
        ],
        [
          0.0,
          0.0,
          0.0,
          1.0
        ]
      ]
    },
    {
      "frame_id": 2912,
      "lidar_file_path": "train/0000002912.npy",
      "lidar2world": [
        [
          0.8795931277286863,
          0.4756333971522242,
          0.009423439366077608,
          1314.7083189876853
        ],
        [
          -0.475701156108169,
          0.8795786780635708,
          0.007054015809662142,
          3787.7834444723767
        ],
        [
          -0.004933530766259101,
          -0.010687404905882983,
          0.9999307174712195,
          116.58251908197087
        ],
        [
          0.0,
          0.0,
          0.0,
          1.0
        ]
      ]
    },
    {
      "frame_id": 2913,
      "lidar_file_path": "train/0000002913.npy",
      "lidar2world": [
        [
          0.8795605464568568,
          0.47571158826842996,
          0.008469354712330332,
          1315.5239782450988
        ],
        [
          -0.475767850754223,
          0.8795454352549075,
          0.006691749648273143,
          3787.3478228468225
        ],
        [
          -0.00426583934715558,
          -0.00991524560366664,
          0.9999417435611331,
          116.58941599281489
        ],
        [
          0.0,
          0.0,
          0.0,
          1.0
        ]
      ]
    },
    {
      "frame_id": 2914,
      "lidar_file_path": "train/0000002914.npy",
      "lidar2world": [
        [
          0.8794645637792777,
          0.4758998503252531,
          0.007836681615386145,
          1316.3374724872579
        ],
        [
          -0.4759488431557739,
          0.879449652620248,
          0.006403691939191803,
          3786.9130850299007
        ],
        [
          -0.0038444507997693524,
          -0.00936167965586038,
          0.9999487882491014,
          116.59891229842859
        ],
        [
          0.0,
          0.0,
          0.0,
          1.0
        ]
      ]
    },
    {
      "frame_id": 2915,
      "lidar_file_path": "train/0000002915.npy",
      "lidar2world": [
        [
          0.8794002925800318,
          0.4759995693863427,
          0.008918261895255103,
          1317.1502909904439
        ],
        [
          -0.4760531487698024,
          0.8794008040843279,
          0.005255984236854955,
          3786.478619869907
        ],
        [
          -0.005340880359816752,
          -0.00886768068368916,
          0.999946418210707,
          116.60602256058091
        ],
        [
          0.0,
          0.0,
          0.0,
          1.0
        ]
      ]
    },
    {
      "frame_id": 2916,
      "lidar_file_path": "train/0000002916.npy",
      "lidar2world": [
        [
          0.879288266112014,
          0.47620881382723385,
          0.008792654897231734,
          1317.9594534016258
        ],
        [
          -0.4762548902882512,
          0.8792977381185639,
          0.004094776293153091,
          3786.046571961131
        ],
        [
          -0.005781392963352619,
          -0.007788033633968923,
          0.9999529599312225,
          116.61561348622602
        ],
        [
          0.0,
          0.0,
          0.0,
          1.0
        ]
      ]
    },
    {
      "frame_id": 2917,
      "lidar_file_path": "train/0000002917.npy",
      "lidar2world": [
        [
          0.8791133072311776,
          0.47652168541354817,
          0.009320758696053809,
          1318.765139322313
        ],
        [
          -0.47656200292706236,
          0.8791370518157542,
          0.002588733699958185,
          3785.6156078086774
        ],
        [
          -0.006960636490491222,
          -0.006717709696380179,
          0.9999532098709772,
          116.62237035800776
        ],
        [
          0.0,
          0.0,
          0.0,
          1.0
        ]
      ]
    },
    {
      "frame_id": 2918,
      "lidar_file_path": "train/0000002918.npy",
      "lidar2world": [
        [
          0.8789802184686111,
          0.47679397292452813,
          0.007828341898991443,
          1319.5627281997677
        ],
        [
          -0.47681477328196703,
          0.879003303737566,
          0.0009294807805708536,
          3785.1857669705864
        ],
        [
          -0.006437967484063191,
          -0.004549664242163463,
          0.9999689260664391,
          116.63140519884013
        ],
        [
          0.0,
          0.0,
          0.0,
          1.0
        ]
      ]
    },
    {
      "frame_id": 2919,
      "lidar_file_path": "train/0000002919.npy",
      "lidar2world": [
        [
          0.8789043745030807,
          0.47695721405248903,
          0.006238304422055311,
          1320.3556058259437
        ],
        [
          -0.476969066619358,
          0.8789199509031849,
          0.0004789816844065515,
          3784.7593778657038
        ],
        [
          -0.005254516406820823,
          -0.003396457390576013,
          0.9999804268491882,
          116.63934784614216
        ],
        [
          0.0,
          0.0,
          0.0,
          1.0
        ]
      ]
    },
    {
      "frame_id": 2921,
      "lidar_file_path": "train/0000002921.npy",
      "lidar2world": [
        [
          0.8786861950188447,
          0.47735912781912304,
          0.0062316845007475774,
          1321.9348863382625
        ],
        [
          -0.47735561367342993,
          0.878707606242066,
          -0.0021356433173036434,
          3783.9098343865726
        ],
        [
          -0.006495297396960589,
          -0.0010981692392651719,
          0.9999783023028991,
          116.65312208094274
        ],
        [
          0.0,
          0.0,
          0.0,
          1.0
        ]
      ]
    },
    {
      "frame_id": 2922,
      "lidar_file_path": "train/0000002922.npy",
      "lidar2world": [
        [
          0.8785360850441575,
          0.47762230057785804,
          0.007161382408009231,
          1322.7172236823153
        ],
        [
          -0.4776042754191206,
          0.8785652422270125,
          -0.004155879533573703,
          3783.486855796294
        ],
        [
          -0.00827668236751619,
          0.00023078333353017624,
          0.9999657210410875,
          116.6619685668236
        ],
        [
          0.0,
          0.0,
          0.0,
          1.0
        ]
      ]
    },
    {
      "frame_id": 2923,
      "lidar_file_path": "train/0000002923.npy",
      "lidar2world": [
        [
          0.878315207516153,
          0.4780135475228811,
          0.008089793497733505,
          1323.4911938853484
        ],
        [
          -0.4779794986188787,
          0.8783515498910256,
          -0.005844123815634936,
          3783.072421661445
        ],
        [
          -0.009899252935872769,
          0.0012662274379481627,
          0.9999501995133829,
          116.66852016744005
        ],
        [
          0.0,
          0.0,
          0.0,
          1.0
        ]
      ]
    },
    {
      "frame_id": 2924,
      "lidar_file_path": "train/0000002924.npy",
      "lidar2world": [
        [
          0.8781430429708003,
          0.4783332217639984,
          0.007881946213207591,
          1324.2559232354345
        ],
        [
          -0.4782874573392203,
          0.8781750931234389,
          -0.00704372386841326,
          3782.6602319882386
        ],
        [
          -0.010290975980651687,
          0.002415561154637428,
          0.9999441289259723,
          116.67486036351333
        ],
        [
          0.0,
          0.0,
          0.0,
          1.0
        ]
      ]
    },
    {
      "frame_id": 2925,
      "lidar_file_path": "train/0000002925.npy",
      "lidar2world": [
        [
          0.8779860994901025,
          0.47863989097724724,
          0.006653112684664705,
          1325.008689990821
        ],
        [
          -0.478591437911457,
          0.8780040694800776,
          -0.007686969157563028,
          3782.253688962549
        ],
        [
          -0.009520750021837615,
          0.0035649293879649684,
          0.999948321951174,
          116.68137856965089
        ],
        [
          0.0,
          0.0,
          0.0,
          1.0
        ]
      ]
    },
    {
      "frame_id": 2926,
      "lidar_file_path": "train/0000002926.npy",
      "lidar2world": [
        [
          0.8778625064889785,
          0.47889043194808856,
          0.0046231982003696525,
          1325.7507872575595
        ],
        [
          -0.4788469813497716,
          0.8778610330752639,
          -0.008097847722225,
          3781.8515526170986
        ],
        [
          -0.007936507275239708,
          0.0048949923698825195,
          0.9999565245592337,
          116.68587729621703
        ],
        [
          0.0,
          0.0,
          0.0,
          1.0
        ]
      ]
    },
    {
      "frame_id": 2927,
      "lidar_file_path": "train/0000002927.npy",
      "lidar2world": [
        [
          0.877728041417715,
          0.4791512799135278,
          0.002745217811499794,
          1326.4769752990974
        ],
        [
          -0.4791109810550783,
          0.8777066423665815,
          -0.009149746531724692,
          3781.455533553613
        ],
        [
          -0.00679360863404315,
          0.006715725082660083,
          0.9999543719228062,
          116.69142445499487
        ],
        [
          0.0,
          0.0,
          0.0,
          1.0
        ]
      ]
    },
    {
      "frame_id": 2928,
      "lidar_file_path": "train/0000002928.npy",
      "lidar2world": [
        [
          0.8775377274125561,
          0.4794953658193779,
          0.0034250839763788382,
          1327.192858223386
        ],
        [
          -0.4794386921547307,
          0.8775103293526287,
          -0.010684680812401549,
          3781.0674338635745
        ],
        [
          -0.008128801369618925,
          0.0077340927688910955,
          0.9999370512414508,
          116.6982697685045
        ],
        [
          0.0,
          0.0,
          0.0,
          1.0
        ]
      ]
    },
    {
      "frame_id": 2929,
      "lidar_file_path": "train/0000002929.npy",
      "lidar2world": [
        [
          0.8772894211204754,
          0.47994624846920697,
          0.003856196861197039,
          1327.8909233695476
        ],
        [
          -0.4798751460934026,
          0.8772554436020221,
          -0.011947004181454396,
          3780.689451378698
        ],
        [
          -0.00911678943540096,
          0.008630487285679741,
          0.9999211963002312,
          116.70686977066529
        ],
        [
          0.0,
          0.0,
          0.0,
          1.0
        ]
      ]
    },
    {
      "frame_id": 2931,
      "lidar_file_path": "train/0000002931.npy",
      "lidar2world": [
        [
          0.8771969091400837,
          0.4801043947178605,
          0.005035160912559037,
          1329.2333050979596
        ],
        [
          -0.4800166922032368,
          0.8771688341009632,
          -0.012602053808848199,
          3779.968473464791
        ],
        [
          -0.01046698765611613,
          0.008637521381966448,
          0.999907913465905,
          116.72415418958059
        ],
        [
          0.0,
          0.0,
          0.0,
          1.0
        ]
      ]
    },
    {
      "frame_id": 2932,
      "lidar_file_path": "train/0000002932.npy",
      "lidar2world": [
        [
          0.8774638405222412,
          0.47962412459053777,
          0.004231746346357474,
          1329.8738229058213
        ],
        [
          -0.4795493632496044,
          0.8774329066648014,
          -0.011995936816010808,
          3779.625556381654
        ],
        [
          -0.009466614121193498,
          0.00849666950602764,
          0.9999190916288384,
          116.73060550974901
        ],
        [
          0.0,
          0.0,
          0.0,
          1.0
        ]
      ]
    },
    {
      "frame_id": 2933,
      "lidar_file_path": "train/0000002933.npy",
      "lidar2world": [
        [
          0.87793998975979,
          0.4787526795885772,
          0.004152862648301239,
          1330.4951686423653
        ],
        [
          -0.4786829984327457,
          0.877912172129667,
          -0.011524107007377934,
          3779.292712091721
        ],
        [
          -0.009163045697306827,
          0.008129569676388575,
          0.9999249715908859,
          116.73824598717363
        ],
        [
          0.0,
          0.0,
          0.0,
          1.0
        ]
      ]
    },
    {
      "frame_id": 2934,
      "lidar_file_path": "train/0000002934.npy",
      "lidar2world": [
        [
          0.8781977126001711,
          0.47828495453712205,
          0.0035042682925255945,
          1331.0956022662886
        ],
        [
          -0.47821025312614834,
          0.8781535844881755,
          -0.012697870717611484,
          3778.9696427486447
        ],
        [
          -0.009150486172781294,
          0.009475463990249955,
          0.9999132383774038,
          116.74513489112397
        ],
        [
          0.0,
          0.0,
          0.0,
          1.0
        ]
      ]
    },
    {
      "frame_id": 2935,
      "lidar_file_path": "train/0000002935.npy",
      "lidar2world": [
        [
          0.8785065640931553,
          0.47772717341770965,
          0.0017218182260464248,
          1331.6718433914941
        ],
        [
          -0.47767005052750683,
          0.8784473364104205,
          -0.012712201350875465,
          3778.65985726585
        ],
        [
          -0.007585490629353817,
          0.010345291378850496,
          0.9999177142366096,
          116.7516939764418
        ],
        [
          0.0,
          0.0,
          0.0,
          1.0
        ]
      ]
    },
    {
      "frame_id": 2936,
      "lidar_file_path": "train/0000002936.npy",
      "lidar2world": [
        [
          0.8787916512540637,
          0.4772038864039951,
          0.0012979359009495177,
          1332.227726920505
        ],
        [
          -0.4771463918133174,
          0.8787221346748862,
          -0.013369028130284604,
          3778.3608708950783
        ],
        [
          -0.0075202771466737536,
          0.011129284904879444,
          0.9999097881333423,
          116.76158538192925
        ],
        [
          0.0,
          0.0,
          0.0,
          1.0
        ]
      ]
    },
    {
      "frame_id": 2937,
      "lidar_file_path": "train/0000002937.npy",
      "lidar2world": [
        [
          0.8790777284820587,
          0.47667831349758916,
          -0.0003645274283820103,
          1332.75891128708
        ],
        [
          -0.47663311536333597,
          0.8789833144492393,
          -0.014463964513002176,
          3778.0739521374912
        ],
        [
          -0.006574244629973749,
          0.012888694995573224,
          0.9998953250101319,
          116.76967873507083
        ],
        [
          0.0,
          0.0,
          0.0,
          1.0
        ]
      ]
    },
    {
      "frame_id": 2938,
      "lidar_file_path": "train/0000002938.npy",
      "lidar2world": [
        [
          0.8796637295667765,
          0.47558057111276475,
          -0.00385270567100722,
          1333.2640227367165
        ],
        [
          -0.47558339344549155,
          0.8795518307694591,
          -0.014457277542534872,
          3777.800217172772
        ],
        [
          -0.003486945968863333,
          0.01454982553870377,
          0.9998880656259743,
          116.77700810577679
        ],
        [
          0.0,
          0.0,
          0.0,
          1.0
        ]
      ]
    },
    {
      "frame_id": 2939,
      "lidar_file_path": "train/0000002939.npy",
      "lidar2world": [
        [
          0.8802656634896272,
          0.474437830398591,
          -0.006411460725311186,
          1333.7496915649165
        ],
        [
          -0.47447872459372675,
          0.8801375914940196,
          -0.0150917203273192,
          3777.5386033571563
        ],
        [
          -0.0015171153839829926,
          0.01632682487389891,
          0.9998655575346658,
          116.7856947695805
        ],
        [
          0.0,
          0.0,
          0.0,
          1.0
        ]
      ]
    },
    {
      "frame_id": 2941,
      "lidar_file_path": "train/0000002941.npy",
      "lidar2world": [
        [
          0.8811561906723717,
          0.4727563790521239,
          -0.008073020571556556,
          1334.663319348549
        ],
        [
          -0.47282406643966784,
          0.8809863822649353,
          -0.01733195134354971,
          3777.050402441651
        ],
        [
          -0.0010815694166067867,
          0.019089274691052358,
          0.9998171982501185,
          116.80149280354144
        ],
        [
          0.0,
          0.0,
          0.0,
          1.0
        ]
      ]
    },
    {
      "frame_id": 2942,
      "lidar_file_path": "train/0000002942.npy",
      "lidar2world": [
        [
          0.8816341501800637,
          0.47184315807382216,
          -0.009233607652734885,
          1335.086954569952
        ],
        [
          -0.47193349618676256,
          0.8814644556671095,
          -0.0172970697000592,
          3776.826457484771
        ],
        [
          -2.2406975672040954e-05,
          0.01960733607665829,
          0.9998077575096067,
          116.8106493149327
        ],
        [
          0.0,
          0.0,
          0.0,
          1.0
        ]
      ]
    },
    {
      "frame_id": 2943,
      "lidar_file_path": "train/0000002943.npy",
      "lidar2world": [
        [
          0.8819473283175849,
          0.47123997325499223,
          -0.010089484427364181,
          1335.4904919229216
        ],
        [
          -0.4713477270885771,
          0.8817665844491712,
          -0.017860870197200632,
          3776.6139109185847
        ],
        [
          0.0004798142640940247,
          0.020508002257243703,
          0.9997895737141292,
          116.82095175093933
        ],
        [
          0.0,
          0.0,
          0.0,
          1.0
        ]
      ]
    },
    {
      "frame_id": 2944,
      "lidar_file_path": "train/0000002944.npy",
      "lidar2world": [
        [
          0.8822578822072951,
          0.4706629027401882,
          -0.009872253385998852,
          1335.8749435650818
        ],
        [
          -0.4707664043966742,
          0.8820704097014351,
          -0.018187494821249945,
          3776.413114481885
        ],
        [
          0.00014784355136606415,
          0.020693585871601135,
          0.9997858538741835,
          116.83078963337428
        ],
        [
          0.0,
          0.0,
          0.0,
          1.0
        ]
      ]
    },
    {
      "frame_id": 2945,
      "lidar_file_path": "train/0000002945.npy",
      "lidar2world": [
        [
          0.8826254990452616,
          0.46997283420850866,
          -0.009887544633010423,
          1336.2379892155088
        ],
        [
          -0.47007674738755545,
          0.8824174171725054,
          -0.019166467648442168,
          3776.221944829192
        ],
        [
          -0.00028277747867187607,
          0.02156471779934131,
          0.9997674144297154,
          116.83949679403254
        ],
        [
          0.0,
          0.0,
          0.0,
          1.0
        ]
      ]
    },
    {
      "frame_id": 2946,
      "lidar_file_path": "train/0000002946.npy",
      "lidar2world": [
        [
          0.8830027090788057,
          0.46921858156640767,
          -0.011838009582205157,
          1336.5782781420316
        ],
        [
          -0.4693654742922124,
          0.8827981905293605,
          -0.019063222760451814,
          3776.0426573996806
        ],
        [
          0.0015057551213245727,
          0.022389230315672068,
          0.9997481958903853,
          116.84816172551737
        ],
        [
          0.0,
          0.0,
          0.0,
          1.0
        ]
      ]
    },
    {
      "frame_id": 2947,
      "lidar_file_path": "train/0000002947.npy",
      "lidar2world": [
        [
          0.8834792845455743,
          0.46822720492584147,
          -0.015087689859930946,
          1336.907697583669
        ],
        [
          -0.4684435661928269,
          0.8833143150310577,
          -0.017788938363781093,
          3775.870852389719
        ],
        [
          0.004997907579517654,
          0.02278388975418377,
          0.9997279206361694,
          116.85393907857132
        ],
        [
          0.0,
          0.0,
          0.0,
          1.0
        ]
      ]
    },
    {
      "frame_id": 2948,
      "lidar_file_path": "train/0000002948.npy",
      "lidar2world": [
        [
          0.8840679787260637,
          0.467017236601201,
          -0.017852443583544594,
          1337.2323725006563
        ],
        [
          -0.4672835793328445,
          0.8839646284134293,
          -0.01589314775466627,
          3775.7030716454283
        ],
        [
          0.008358554783502486,
          0.022392776812187994,
          0.9997143082967922,
          116.86101563948408
        ],
        [
          0.0,
          0.0,
          0.0,
          1.0
        ]
      ]
    },
    {
      "frame_id": 2949,
      "lidar_file_path": "train/0000002949.npy",
      "lidar2world": [
        [
          0.8846760554013628,
          0.4658326773856344,
          -0.01865994900657288,
          1337.556305397952
        ],
        [
          -0.46611437685246004,
          0.8845875357052142,
          -0.015565325913755913,
          3775.5359746743006
        ],
        [
          0.009255520875206515,
          0.02246794163158466,
          0.9997047198570773,
          116.87038706785714
        ],
        [
          0.0,
          0.0,
          0.0,
          1.0
        ]
      ]
    },
    {
      "frame_id": 2950,
      "lidar_file_path": "train/0000002950.npy",
      "lidar2world": [
        [
          0.8854807957040041,
          0.4642926834062066,
          -0.01886967455446286,
          1337.876844131994
        ],
        [
          -0.46456867297613563,
          0.8854187306254513,
          -0.0144782482471324,
          3775.372615925547
        ],
        [
          0.009985418674137917,
          0.021586470434915676,
          0.9997171178544725,
          116.87949913510629
        ],
        [
          0.0,
          0.0,
          0.0,
          1.0
        ]
      ]
    },
    {
      "frame_id": 2951,
      "lidar_file_path": "train/0000002951.npy",
      "lidar2world": [
        [
          0.8863621359871909,
          0.46262237283679597,
          -0.018512267510498844,
          1338.1944073524296
        ],
        [
          -0.46288551282645535,
          0.8863084414798398,
          -0.01394089708131904,
          3775.212636212121
        ],
        [
          0.009958208100758275,
          0.0209257437615607,
          0.9997314376476035,
          116.88822219599137
        ],
        [
          0.0,
          0.0,
          0.0,
          1.0
        ]
      ]
    },
    {
      "frame_id": 2952,
      "lidar_file_path": "train/0000002952.npy",
      "lidar2world": [
        [
          0.8872558124954171,
          0.46089765549733014,
          -0.018720961012989853,
          1338.5054826963362
        ],
        [
          -0.46116178833318705,
          0.88721181641226,
          -0.013601391255648156,
          3775.054904579082
        ],
        [
          0.010340608568184032,
          0.020701305337322548,
          0.9997322280080599,
          116.89542129719713
        ],
        [
          0.0,
          0.0,
          0.0,
          1.0
        ]
      ]
    },
    {
      "frame_id": 2953,
      "lidar_file_path": "train/0000002953.npy",
      "lidar2world": [
        [
          0.8880582267681747,
          0.45930308927658114,
          -0.019830735575619794,
          1338.8095237544076
        ],
        [
          -0.4595978891076715,
          0.888012688408949,
          -0.01425642566478461,
          3774.8979114600925
        ],
        [
          0.011061924520638075,
          0.021774700250068408,
          0.9997017036684753,
          116.90396788852907
        ],
        [
          0.0,
          0.0,
          0.0,
          1.0
        ]
      ]
    },
    {
      "frame_id": 2954,
      "lidar_file_path": "train/0000002954.npy",
      "lidar2world": [
        [
          0.8887500140710877,
          0.4579229200392554,
          -0.020736726442803145,
          1339.1100105668295
        ],
        [
          -0.4582334562217141,
          0.8887231370665379,
          -0.01390270974058076,
          3774.7464795244646
        ],
        [
          0.012062839222738648,
          0.02185829526592065,
          0.9996883029059972,
          116.91260892111606
        ],
        [
          0.0,
          0.0,
          0.0,
          1.0
        ]
      ]
    },
    {
      "frame_id": 2955,
      "lidar_file_path": "train/0000002955.npy",
      "lidar2world": [
        [
          0.8893436588146438,
          0.45675351292719346,
          -0.021073323792877154,
          1339.4080080989086
        ],
        [
          -0.4570481673904655,
          0.8893598520764295,
          -0.012084130589884045,
          3774.6011420262107
        ],
        [
          0.013222299122547673,
          0.020378468933927106,
          0.9997049008328532,
          116.92058250288105
        ],
        [
          0.0,
          0.0,
          0.0,
          1.0
        ]
      ]
    },
    {
      "frame_id": 2956,
      "lidar_file_path": "train/0000002956.npy",
      "lidar2world": [
        [
          0.8899271389310679,
          0.45559878028450035,
          -0.021434526577936423,
          1339.7018537606334
        ],
        [
          -0.45588044359427227,
          0.8899776553747287,
          -0.010620462519349661,
          3774.4571923914073
        ],
        [
          0.014237580005580069,
          0.019223019283377885,
          0.9997138425402683,
          116.92921905929724
        ],
        [
          0.0,
          0.0,
          0.0,
          1.0
        ]
      ]
    },
    {
      "frame_id": 2957,
      "lidar_file_path": "train/0000002957.npy",
      "lidar2world": [
        [
          0.8906632698141758,
          0.4540251813858797,
          -0.024084736429379024,
          1339.9950497818818
        ],
        [
          -0.4543193586406133,
          0.8908002514087812,
          -0.008296534687392517,
          3774.311691081838
        ],
        [
          0.017687853690680447,
          0.018331580695995327,
          0.9996754938239262,
          116.9371888334363
        ],
        [
          0.0,
          0.0,
          0.0,
          1.0
        ]
      ]
    },
    {
      "frame_id": 2958,
      "lidar_file_path": "train/0000002958.npy",
      "lidar2world": [
        [
          0.8911802329062734,
          0.4529189930814533,
          -0.025732823863199274,
          1340.2980348888898
        ],
        [
          -0.45319345829992824,
          0.8913936496546022,
          -0.005748984596160208,
          3774.1648048578095
        ],
        [
          0.02033425150182457,
          0.01678532890200402,
          0.9996523250272613,
          116.94630854416076
        ],
        [
          0.0,
          0.0,
          0.0,
          1.0
        ]
      ]
    },
    {
      "frame_id": 2959,
      "lidar_file_path": "train/0000002959.npy",
      "lidar2world": [
        [
          0.8916674718795369,
          0.4519854367667986,
          -0.025264295509460775,
          1340.6145361981814
        ],
        [
          -0.45220791100944224,
          0.8919053011327248,
          -0.003597081262309595,
          3774.014438964809
        ],
        [
          0.020907530781599373,
          0.014632114614681639,
          0.9996743352186113,
          116.95348605972701
        ],
        [
          0.0,
          0.0,
          0.0,
          1.0
        ]
      ]
    },
    {
      "frame_id": 2960,
      "lidar_file_path": "train/0000002960.npy",
      "lidar2world": [
        [
          0.8925236406808367,
          0.45041589141760296,
          -0.022958127045555266,
          1340.9433868498081
        ],
        [
          -0.4506248454536956,
          0.8927013799033735,
          -0.004636264301719877,
          3773.852284927134
        ],
        [
          0.018406504682356918,
          0.014483477986884517,
          0.9997256771037933,
          116.9596656870923
        ],
        [
          0.0,
          0.0,
          0.0,
          1.0
        ]
      ]
    },
    {
      "frame_id": 2961,
      "lidar_file_path": "train/0000002961.npy",
      "lidar2world": [
        [
          0.8935082501525438,
          0.4486075234235637,
          -0.019856909560836307,
          1341.2815259995118
        ],
        [
          -0.4488321443111561,
          0.8935746260053314,
          -0.008607783730627101,
          3773.678628089697
        ],
        [
          0.013882113988703981,
          0.016603545032638115,
          0.9997657771565533,
          116.96652711722348
        ],
        [
          0.0,
          0.0,
          0.0,
          1.0
        ]
      ]
    },
    {
      "frame_id": 2962,
      "lidar_file_path": "train/0000002962.npy",
      "lidar2world": [
        [
          0.8942715738359365,
          0.44723285612296787,
          -0.016159355662986062,
          1341.631312382623
        ],
        [
          -0.44742859143686947,
          0.8942447612461027,
          -0.011574223080627798,
          3773.503686840929
        ],
        [
          0.009274046369548794,
          0.017580656419970014,
          0.9998024367622109,
          116.97546941814974
        ],
        [
          0.0,
          0.0,
          0.0,
          1.0
        ]
      ]
    },
    {
      "frame_id": 2963,
      "lidar_file_path": "train/0000002963.npy",
      "lidar2world": [
        [
          0.8950330286613901,
          0.44584896295833787,
          -0.011600861731524234,
          1341.9929001755856
        ],
        [
          -0.4459759842467829,
          0.8949514537460432,
          -0.01293510755694759,
          3773.329267324169
        ],
        [
          0.0046151037577688864,
          0.016751054268124493,
          0.9998490401717663,
          116.98420991217064
        ],
        [
          0.0,
          0.0,
          0.0,
          1.0
        ]
      ]
    }
  ]
}