dataloader = kitti360
path = /home/woody/i9vl/i9vl106h/data/kitti360
sequence_id = 10200
num_frames = 51
fov_lidar = [2.0, 26.9]
scale = 0.013230671880685514
offset = [993.7816445146425, 3219.592070606798, 109.56417713282801]
