dataloader = kitti360
path = /home/woody/i9vl/i9vl106h/data/kitti360
sequence_id = 3000
num_frames = 64
fov_lidar = [2.0, 26.9]
scale = 0.00987141585281931
offset = [1393.702402015781, 3748.284199453872, 108.24426733501622]
