dataloader = kitti360
path = /home/woody/i9vl/i9vl106h/data/kitti360
sequence_id = 2900
num_frames = 64
fov_lidar = [2.0, 26.9]
scale = 0.011075994963171543
offset = [1323.867420920969, 3778.6186978040123, 108.72799371661219]
