dataloader = kitti360
path = /home/woody/i9vl/i9vl106h/data/kitti360
sequence_id = 2690
num_frames = 64
fov_lidar = [2.0, 26.9]
scale = 0.010202970436852206
offset = [1180.101753788716, 3810.106400720364, 113.50004208205546]
