dataloader = kitti360
path = /home/woody/i9vl/i9vl106h/data/kitti360
sequence_id = 1728
num_frames = 64
fov_lidar = [2.0, 26.9]
scale = 0.012367354337463322
offset = [1036.5500351449912, 3863.579301622861, 111.73666716629208]
