dataloader = kitti360
path = /home/woody/i9vl/i9vl106h/data/kitti360
sequence_id = 480
num_frames = 52
fov_lidar = [2.0, 26.9]
scale = 0.012808167955935998
offset = [1054.1782882406937, 3827.608540933569, 112.6278934968662]
