dataloader = kitti360
path = /home/woody/i9vl/i9vl106h/data/kitti360
sequence_id = 1908
num_frames = 64
fov_lidar = [2.0, 26.9]
scale = 0.010851959938907783
offset = [1063.6691809462566, 3765.239328031894, 112.5878533326765]
