dataloader = kitti360
path = /home/woody/i9vl/i9vl106h/data/kitti360
sequence_id = 11400
num_frames = 51
fov_lidar = [2.0, 26.9]
scale = 0.011496123976105253
offset = [807.7346837514597, 3169.7388636793858, 109.26274546522527]
