dataloader = kitti360
path = /home/woody/i9vl/i9vl106h/data/kitti360
sequence_id = 350
num_frames = 65
fov_lidar = [2.0, 26.9]
scale = 0.011769305567535863
offset = [978.4541301686738, 3798.748673304242, 109.86274588854022]
