dataloader = kitti360
path = /home/woody/i9vl/i9vl106h/data/kitti360
sequence_id = 2580
num_frames = 64
fov_lidar = [2.0, 26.9]
scale = 0.00994130444301228
offset = [1145.7913864578354, 3717.2514673290925, 110.25239900084186]
