dataloader = kitti360
path = /home/woody/i9vl/i9vl106h/data/kitti360
sequence_id = 275
num_frames = 65
fov_lidar = [2.0, 26.9]
scale = 0.010799397208987075
offset = [933.9085965212919, 3742.8500735529424, 109.70643501241533]
