dataloader = kitti360
path = /home/woody/i9vl/i9vl106h/data/kitti360
sequence_id = 2390
num_frames = 64
fov_lidar = [2.0, 26.9]
scale = 0.010014532130532217
offset = [1031.0109789958487, 3625.4670663531533, 104.38992798992697]
